911 , 225 , 1007 , 226 , 1007 , 255 , 911 , 255
175 , 456 , 303 , 454 , 303 , 482 , 175 , 483
431 , 273 , 1039 , 268 , 1039 , 293 , 431 , 299
190 , 1469 , 303 , 1467 , 304 , 1500 , 191 , 1502
767 , 583 , 879 , 581 , 879 , 606 , 767 , 608
415 , 200 , 1039 , 195 , 1039 , 224 , 415 , 230
191 , 1429 , 335 , 1429 , 335 , 1460 , 191 , 1459
415 , 1191 , 1055 , 1187 , 1055 , 1212 , 415 , 1216
927 , 529 , 1039 , 527 , 1039 , 552 , 927 , 554
175 , 743 , 383 , 742 , 383 , 770 , 175 , 770
175 , 273 , 287 , 273 , 287 , 303 , 175 , 303
927 , 777 , 1055 , 776 , 1055 , 801 , 927 , 802
191 , 1335 , 415 , 1333 , 415 , 1362 , 191 , 1363
927 , 671 , 1039 , 671 , 1039 , 698 , 927 , 697
463 , 230 , 527 , 230 , 527 , 258 , 463 , 258
175 , 494 , 271 , 493 , 271 , 524 , 175 , 525
927 , 633 , 1039 , 631 , 1039 , 657 , 927 , 659
479 , 728 , 575 , 728 , 575 , 754 , 479 , 753
174 , 783 , 239 , 781 , 240 , 811 , 175 , 812
175 , 381 , 207 , 381 , 207 , 403 , 175 , 403
527 , 160 , 623 , 160 , 623 , 189 , 527 , 189
175 , 350 , 399 , 349 , 399 , 379 , 175 , 380
639 , 728 , 736 , 732 , 735 , 755 , 638 , 751
175 , 963 , 415 , 962 , 415 , 991 , 175 , 992
607 , 583 , 719 , 583 , 719 , 610 , 607 , 609
175 , 638 , 383 , 636 , 383 , 668 , 175 , 671
175 , 600 , 383 , 598 , 383 , 625 , 175 , 626
174 , 1191 , 319 , 1188 , 320 , 1220 , 175 , 1223
271 , 200 , 319 , 199 , 319 , 226 , 271 , 226
783 , 777 , 879 , 777 , 879 , 802 , 783 , 802
431 , 819 , 1055 , 815 , 1055 , 841 , 431 , 846
175 , 311 , 303 , 312 , 303 , 339 , 175 , 338
175 , 1059 , 415 , 1057 , 415 , 1086 , 175 , 1088
191 , 1364 , 399 , 1364 , 399 , 1391 , 191 , 1391
175 , 1156 , 271 , 1155 , 271 , 1181 , 175 , 1183
174 , 418 , 271 , 414 , 272 , 445 , 175 , 449
783 , 674 , 879 , 674 , 879 , 699 , 783 , 699
175 , 569 , 399 , 570 , 399 , 597 , 175 , 597
463 , 780 , 735 , 778 , 735 , 803 , 463 , 805
175 , 714 , 415 , 713 , 415 , 741 , 175 , 743
447 , 1470 , 1055 , 1462 , 1055 , 1488 , 447 , 1496
927 , 581 , 1039 , 579 , 1039 , 605 , 927 , 607
191 , 1401 , 415 , 1403 , 415 , 1430 , 191 , 1429
175 , 1125 , 415 , 1122 , 415 , 1151 , 175 , 1155
175 , 677 , 335 , 675 , 335 , 705 , 175 , 706
175 , 533 , 287 , 531 , 287 , 561 , 175 , 563
447 , 910 , 863 , 905 , 863 , 933 , 447 , 937
271 , 818 , 335 , 819 , 335 , 848 , 271 , 848
687 , 531 , 879 , 532 , 879 , 556 , 687 , 554
687 , 672 , 736 , 674 , 735 , 699 , 686 , 698
447 , 584 , 575 , 585 , 575 , 610 , 447 , 609
447 , 494 , 1039 , 489 , 1039 , 514 , 447 , 520
175 , 924 , 319 , 924 , 319 , 954 , 175 , 954
175 , 1087 , 415 , 1085 , 415 , 1115 , 175 , 1117
734 , 229 , 863 , 226 , 864 , 258 , 735 , 262
431 , 363 , 1039 , 359 , 1039 , 384 , 431 , 388
431 , 312 , 1039 , 307 , 1039 , 331 , 431 , 336
175 , 856 , 335 , 857 , 335 , 888 , 175 , 887
575 , 96 , 1039 , 89 , 1039 , 116 , 575 , 124
831 , 157 , 927 , 156 , 927 , 189 , 831 , 190
831 , 726 , 880 , 727 , 879 , 750 , 830 , 748
175 , 898 , 415 , 897 , 415 , 925 , 175 , 926
431 , 1073 , 1055 , 1064 , 1055 , 1091 , 431 , 1100
911 , 905 , 1055 , 905 , 1055 , 929 , 911 , 930
991 , 724 , 1039 , 725 , 1039 , 747 , 991 , 747
415 , 1243 , 1055 , 1239 , 1055 , 1264 , 415 , 1268
591 , 1572 , 623 , 1573 , 623 , 1596 , 591 , 1595
47 , 1665 , 1151 , 1665 , 1151 , 1690 , 47 , 1690
431 , 456 , 1039 , 450 , 1039 , 477 , 431 , 483
511 , 531 , 576 , 534 , 575 , 559 , 510 , 556
447 , 639 , 879 , 633 , 879 , 659 , 447 , 665
415 , 1138 , 1055 , 1134 , 1055 , 1160 , 415 , 1165
431 , 1299 , 1055 , 1288 , 1055 , 1314 , 431 , 1325
431 , 1349 , 1055 , 1346 , 1055 , 1372 , 431 , 1375
431 , 419 , 1039 , 411 , 1039 , 438 , 431 , 445
171 , 1022 , 207 , 1016 , 211 , 1042 , 175 , 1048
174 , 1260 , 207 , 1258 , 208 , 1283 , 175 , 1285
174 , 1298 , 367 , 1293 , 368 , 1325 , 175 , 1330
175 , 1231 , 415 , 1229 , 415 , 1259 , 175 , 1261
431 , 1417 , 1055 , 1411 , 1055 , 1436 , 431 , 1442
590 , 230 , 687 , 227 , 688 , 255 , 591 , 258
175 , 995 , 1055 , 984 , 1055 , 1010 , 175 , 1022
911 , 225 , 1007 , 226 , 1007 , 255 , 911 , 255
175 , 456 , 303 , 454 , 303 , 482 , 175 , 483
431 , 273 , 1039 , 268 , 1039 , 293 , 431 , 299
190 , 1469 , 303 , 1467 , 304 , 1500 , 191 , 1502
767 , 583 , 879 , 581 , 879 , 606 , 767 , 608
415 , 200 , 1039 , 195 , 1039 , 224 , 415 , 230
191 , 1429 , 335 , 1429 , 335 , 1460 , 191 , 1459
415 , 1191 , 1055 , 1187 , 1055 , 1212 , 415 , 1216
927 , 529 , 1039 , 527 , 1039 , 552 , 927 , 554
175 , 743 , 383 , 742 , 383 , 770 , 175 , 770
175 , 273 , 287 , 273 , 287 , 303 , 175 , 303
927 , 777 , 1055 , 776 , 1055 , 801 , 927 , 802
191 , 1335 , 415 , 1333 , 415 , 1362 , 191 , 1363
927 , 671 , 1039 , 671 , 1039 , 698 , 927 , 697
463 , 230 , 527 , 230 , 527 , 258 , 463 , 258
175 , 494 , 271 , 493 , 271 , 524 , 175 , 525
927 , 633 , 1039 , 631 , 1039 , 657 , 927 , 659
479 , 728 , 575 , 728 , 575 , 754 , 479 , 753
174 , 783 , 239 , 781 , 240 , 811 , 175 , 812
175 , 381 , 207 , 381 , 207 , 403 , 175 , 403
527 , 160 , 623 , 160 , 623 , 189 , 527 , 189
175 , 350 , 399 , 349 , 399 , 379 , 175 , 380
639 , 728 , 736 , 732 , 735 , 755 , 638 , 751
175 , 963 , 415 , 962 , 415 , 991 , 175 , 992
607 , 583 , 719 , 583 , 719 , 610 , 607 , 609
175 , 638 , 383 , 636 , 383 , 668 , 175 , 671
175 , 600 , 383 , 598 , 383 , 625 , 175 , 626
174 , 1191 , 319 , 1188 , 320 , 1220 , 175 , 1223
271 , 200 , 319 , 199 , 319 , 226 , 271 , 226
783 , 777 , 879 , 777 , 879 , 802 , 783 , 802
431 , 819 , 1055 , 815 , 1055 , 841 , 431 , 846
175 , 311 , 303 , 312 , 303 , 339 , 175 , 338
175 , 1059 , 415 , 1057 , 415 , 1086 , 175 , 1088
191 , 1364 , 399 , 1364 , 399 , 1391 , 191 , 1391
175 , 1156 , 271 , 1155 , 271 , 1181 , 175 , 1183
174 , 418 , 271 , 414 , 272 , 445 , 175 , 449
783 , 674 , 879 , 674 , 879 , 699 , 783 , 699
175 , 569 , 399 , 570 , 399 , 597 , 175 , 597
463 , 780 , 735 , 778 , 735 , 803 , 463 , 805
175 , 714 , 415 , 713 , 415 , 741 , 175 , 743
447 , 1470 , 1055 , 1462 , 1055 , 1488 , 447 , 1496
927 , 581 , 1039 , 579 , 1039 , 605 , 927 , 607
191 , 1401 , 415 , 1403 , 415 , 1430 , 191 , 1429
175 , 1125 , 415 , 1122 , 415 , 1151 , 175 , 1155
175 , 677 , 335 , 675 , 335 , 705 , 175 , 706
175 , 533 , 287 , 531 , 287 , 561 , 175 , 563
447 , 910 , 863 , 905 , 863 , 933 , 447 , 937
271 , 818 , 335 , 819 , 335 , 848 , 271 , 848
687 , 531 , 879 , 532 , 879 , 556 , 687 , 554
687 , 672 , 736 , 674 , 735 , 699 , 686 , 698
447 , 584 , 575 , 585 , 575 , 610 , 447 , 609
447 , 494 , 1039 , 489 , 1039 , 514 , 447 , 520
175 , 924 , 319 , 924 , 319 , 954 , 175 , 954
175 , 1087 , 415 , 1085 , 415 , 1115 , 175 , 1117
734 , 229 , 863 , 226 , 864 , 258 , 735 , 262
431 , 363 , 1039 , 359 , 1039 , 384 , 431 , 388
431 , 312 , 1039 , 307 , 1039 , 331 , 431 , 336
175 , 856 , 335 , 857 , 335 , 888 , 175 , 887
575 , 96 , 1039 , 89 , 1039 , 116 , 575 , 124
831 , 157 , 927 , 156 , 927 , 189 , 831 , 190
831 , 726 , 880 , 727 , 879 , 750 , 830 , 748
175 , 898 , 415 , 897 , 415 , 925 , 175 , 926
431 , 1073 , 1055 , 1064 , 1055 , 1091 , 431 , 1100
911 , 905 , 1055 , 905 , 1055 , 929 , 911 , 930
991 , 724 , 1039 , 725 , 1039 , 747 , 991 , 747
415 , 1243 , 1055 , 1239 , 1055 , 1264 , 415 , 1268
591 , 1572 , 623 , 1573 , 623 , 1596 , 591 , 1595
47 , 1665 , 1151 , 1665 , 1151 , 1690 , 47 , 1690
431 , 456 , 1039 , 450 , 1039 , 477 , 431 , 483
511 , 531 , 576 , 534 , 575 , 559 , 510 , 556
447 , 639 , 879 , 633 , 879 , 659 , 447 , 665
415 , 1138 , 1055 , 1134 , 1055 , 1160 , 415 , 1165
431 , 1299 , 1055 , 1288 , 1055 , 1314 , 431 , 1325
431 , 1349 , 1055 , 1346 , 1055 , 1372 , 431 , 1375
431 , 419 , 1039 , 411 , 1039 , 438 , 431 , 445
171 , 1022 , 207 , 1016 , 211 , 1042 , 175 , 1048
174 , 1260 , 207 , 1258 , 208 , 1283 , 175 , 1285
174 , 1298 , 367 , 1293 , 368 , 1325 , 175 , 1330
175 , 1231 , 415 , 1229 , 415 , 1259 , 175 , 1261
431 , 1417 , 1055 , 1411 , 1055 , 1436 , 431 , 1442
590 , 230 , 687 , 227 , 688 , 255 , 591 , 258
175 , 995 , 1055 , 984 , 1055 , 1010 , 175 , 1022
911 , 225 , 1007 , 226 , 1007 , 255 , 911 , 255
175 , 456 , 303 , 454 , 303 , 482 , 175 , 483
431 , 273 , 1039 , 268 , 1039 , 293 , 431 , 299
190 , 1469 , 303 , 1467 , 304 , 1500 , 191 , 1502
767 , 583 , 879 , 581 , 879 , 606 , 767 , 608
415 , 200 , 1039 , 195 , 1039 , 224 , 415 , 230
191 , 1429 , 335 , 1429 , 335 , 1460 , 191 , 1459
415 , 1191 , 1055 , 1187 , 1055 , 1212 , 415 , 1216
927 , 529 , 1039 , 527 , 1039 , 552 , 927 , 554
175 , 743 , 383 , 742 , 383 , 770 , 175 , 770
175 , 273 , 287 , 273 , 287 , 303 , 175 , 303
927 , 777 , 1055 , 776 , 1055 , 801 , 927 , 802
191 , 1335 , 415 , 1333 , 415 , 1362 , 191 , 1363
927 , 671 , 1039 , 671 , 1039 , 698 , 927 , 697
463 , 230 , 527 , 230 , 527 , 258 , 463 , 258
175 , 494 , 271 , 493 , 271 , 524 , 175 , 525
927 , 633 , 1039 , 631 , 1039 , 657 , 927 , 659
479 , 728 , 575 , 728 , 575 , 754 , 479 , 753
174 , 783 , 239 , 781 , 240 , 811 , 175 , 812
175 , 381 , 207 , 381 , 207 , 403 , 175 , 403
527 , 160 , 623 , 160 , 623 , 189 , 527 , 189
175 , 350 , 399 , 349 , 399 , 379 , 175 , 380
639 , 728 , 736 , 732 , 735 , 755 , 638 , 751
175 , 963 , 415 , 962 , 415 , 991 , 175 , 992
607 , 583 , 719 , 583 , 719 , 610 , 607 , 609
175 , 638 , 383 , 636 , 383 , 668 , 175 , 671
175 , 600 , 383 , 598 , 383 , 625 , 175 , 626
174 , 1191 , 319 , 1188 , 320 , 1220 , 175 , 1223
271 , 200 , 319 , 199 , 319 , 226 , 271 , 226
783 , 777 , 879 , 777 , 879 , 802 , 783 , 802
431 , 819 , 1055 , 815 , 1055 , 841 , 431 , 846
175 , 311 , 303 , 312 , 303 , 339 , 175 , 338
175 , 1059 , 415 , 1057 , 415 , 1086 , 175 , 1088
191 , 1364 , 399 , 1364 , 399 , 1391 , 191 , 1391
175 , 1156 , 271 , 1155 , 271 , 1181 , 175 , 1183
174 , 418 , 271 , 414 , 272 , 445 , 175 , 449
783 , 674 , 879 , 674 , 879 , 699 , 783 , 699
175 , 569 , 399 , 570 , 399 , 597 , 175 , 597
463 , 780 , 735 , 778 , 735 , 803 , 463 , 805
175 , 714 , 415 , 713 , 415 , 741 , 175 , 743
447 , 1470 , 1055 , 1462 , 1055 , 1488 , 447 , 1496
927 , 581 , 1039 , 579 , 1039 , 605 , 927 , 607
191 , 1401 , 415 , 1403 , 415 , 1430 , 191 , 1429
175 , 1125 , 415 , 1122 , 415 , 1151 , 175 , 1155
175 , 677 , 335 , 675 , 335 , 705 , 175 , 706
175 , 533 , 287 , 531 , 287 , 561 , 175 , 563
447 , 910 , 863 , 905 , 863 , 933 , 447 , 937
271 , 818 , 335 , 819 , 335 , 848 , 271 , 848
687 , 531 , 879 , 532 , 879 , 556 , 687 , 554
687 , 672 , 736 , 674 , 735 , 699 , 686 , 698
447 , 584 , 575 , 585 , 575 , 610 , 447 , 609
447 , 494 , 1039 , 489 , 1039 , 514 , 447 , 520
175 , 924 , 319 , 924 , 319 , 954 , 175 , 954
175 , 1087 , 415 , 1085 , 415 , 1115 , 175 , 1117
734 , 229 , 863 , 226 , 864 , 258 , 735 , 262
431 , 363 , 1039 , 359 , 1039 , 384 , 431 , 388
431 , 312 , 1039 , 307 , 1039 , 331 , 431 , 336
175 , 856 , 335 , 857 , 335 , 888 , 175 , 887
575 , 96 , 1039 , 89 , 1039 , 116 , 575 , 124
831 , 157 , 927 , 156 , 927 , 189 , 831 , 190
831 , 726 , 880 , 727 , 879 , 750 , 830 , 748
175 , 898 , 415 , 897 , 415 , 925 , 175 , 926
431 , 1073 , 1055 , 1064 , 1055 , 1091 , 431 , 1100
911 , 905 , 1055 , 905 , 1055 , 929 , 911 , 930
991 , 724 , 1039 , 725 , 1039 , 747 , 991 , 747
415 , 1243 , 1055 , 1239 , 1055 , 1264 , 415 , 1268
591 , 1572 , 623 , 1573 , 623 , 1596 , 591 , 1595
47 , 1665 , 1151 , 1665 , 1151 , 1690 , 47 , 1690
431 , 456 , 1039 , 450 , 1039 , 477 , 431 , 483
511 , 531 , 576 , 534 , 575 , 559 , 510 , 556
447 , 639 , 879 , 633 , 879 , 659 , 447 , 665
415 , 1138 , 1055 , 1134 , 1055 , 1160 , 415 , 1165
431 , 1299 , 1055 , 1288 , 1055 , 1314 , 431 , 1325
431 , 1349 , 1055 , 1346 , 1055 , 1372 , 431 , 1375
431 , 419 , 1039 , 411 , 1039 , 438 , 431 , 445
171 , 1022 , 207 , 1016 , 211 , 1042 , 175 , 1048
174 , 1260 , 207 , 1258 , 208 , 1283 , 175 , 1285
174 , 1298 , 367 , 1293 , 368 , 1325 , 175 , 1330
175 , 1231 , 415 , 1229 , 415 , 1259 , 175 , 1261
431 , 1417 , 1055 , 1411 , 1055 , 1436 , 431 , 1442
590 , 230 , 687 , 227 , 688 , 255 , 591 , 258
175 , 995 , 1055 , 984 , 1055 , 1010 , 175 , 1022
911 , 225 , 1007 , 226 , 1007 , 255 , 911 , 255
175 , 456 , 303 , 454 , 303 , 482 , 175 , 483
431 , 273 , 1039 , 268 , 1039 , 293 , 431 , 299
190 , 1469 , 303 , 1467 , 304 , 1500 , 191 , 1502
767 , 583 , 879 , 581 , 879 , 606 , 767 , 608
415 , 200 , 1039 , 195 , 1039 , 224 , 415 , 230
191 , 1429 , 335 , 1429 , 335 , 1460 , 191 , 1459
415 , 1191 , 1055 , 1187 , 1055 , 1212 , 415 , 1216
927 , 529 , 1039 , 527 , 1039 , 552 , 927 , 554
175 , 743 , 383 , 742 , 383 , 770 , 175 , 770
175 , 273 , 287 , 273 , 287 , 303 , 175 , 303
927 , 777 , 1055 , 776 , 1055 , 801 , 927 , 802
191 , 1335 , 415 , 1333 , 415 , 1362 , 191 , 1363
927 , 671 , 1039 , 671 , 1039 , 698 , 927 , 697
463 , 230 , 527 , 230 , 527 , 258 , 463 , 258
175 , 494 , 271 , 493 , 271 , 524 , 175 , 525
927 , 633 , 1039 , 631 , 1039 , 657 , 927 , 659
479 , 728 , 575 , 728 , 575 , 754 , 479 , 753
174 , 783 , 239 , 781 , 240 , 811 , 175 , 812
175 , 381 , 207 , 381 , 207 , 403 , 175 , 403
527 , 160 , 623 , 160 , 623 , 189 , 527 , 189
175 , 350 , 399 , 349 , 399 , 379 , 175 , 380
639 , 728 , 736 , 732 , 735 , 755 , 638 , 751
175 , 963 , 415 , 962 , 415 , 991 , 175 , 992
607 , 583 , 719 , 583 , 719 , 610 , 607 , 609
175 , 638 , 383 , 636 , 383 , 668 , 175 , 671
175 , 600 , 383 , 598 , 383 , 625 , 175 , 626
174 , 1191 , 319 , 1188 , 320 , 1220 , 175 , 1223
271 , 200 , 319 , 199 , 319 , 226 , 271 , 226
783 , 777 , 879 , 777 , 879 , 802 , 783 , 802
431 , 819 , 1055 , 815 , 1055 , 841 , 431 , 846
175 , 311 , 303 , 312 , 303 , 339 , 175 , 338
175 , 1059 , 415 , 1057 , 415 , 1086 , 175 , 1088
191 , 1364 , 399 , 1364 , 399 , 1391 , 191 , 1391
175 , 1156 , 271 , 1155 , 271 , 1181 , 175 , 1183
174 , 418 , 271 , 414 , 272 , 445 , 175 , 449
783 , 674 , 879 , 674 , 879 , 699 , 783 , 699
175 , 569 , 399 , 570 , 399 , 597 , 175 , 597
463 , 780 , 735 , 778 , 735 , 803 , 463 , 805
175 , 714 , 415 , 713 , 415 , 741 , 175 , 743
447 , 1470 , 1055 , 1462 , 1055 , 1488 , 447 , 1496
927 , 581 , 1039 , 579 , 1039 , 605 , 927 , 607
191 , 1401 , 415 , 1403 , 415 , 1430 , 191 , 1429
175 , 1125 , 415 , 1122 , 415 , 1151 , 175 , 1155
175 , 677 , 335 , 675 , 335 , 705 , 175 , 706
175 , 533 , 287 , 531 , 287 , 561 , 175 , 563
447 , 910 , 863 , 905 , 863 , 933 , 447 , 937
271 , 818 , 335 , 819 , 335 , 848 , 271 , 848
687 , 531 , 879 , 532 , 879 , 556 , 687 , 554
687 , 672 , 736 , 674 , 735 , 699 , 686 , 698
447 , 584 , 575 , 585 , 575 , 610 , 447 , 609
447 , 494 , 1039 , 489 , 1039 , 514 , 447 , 520
175 , 924 , 319 , 924 , 319 , 954 , 175 , 954
175 , 1087 , 415 , 1085 , 415 , 1115 , 175 , 1117
734 , 229 , 863 , 226 , 864 , 258 , 735 , 262
431 , 363 , 1039 , 359 , 1039 , 384 , 431 , 388
431 , 312 , 1039 , 307 , 1039 , 331 , 431 , 336
175 , 856 , 335 , 857 , 335 , 888 , 175 , 887
575 , 96 , 1039 , 89 , 1039 , 116 , 575 , 124
831 , 157 , 927 , 156 , 927 , 189 , 831 , 190
831 , 726 , 880 , 727 , 879 , 750 , 830 , 748
175 , 898 , 415 , 897 , 415 , 925 , 175 , 926
431 , 1073 , 1055 , 1064 , 1055 , 1091 , 431 , 1100
911 , 905 , 1055 , 905 , 1055 , 929 , 911 , 930
991 , 724 , 1039 , 725 , 1039 , 747 , 991 , 747
415 , 1243 , 1055 , 1239 , 1055 , 1264 , 415 , 1268
591 , 1572 , 623 , 1573 , 623 , 1596 , 591 , 1595
47 , 1665 , 1151 , 1665 , 1151 , 1690 , 47 , 1690
431 , 456 , 1039 , 450 , 1039 , 477 , 431 , 483
511 , 531 , 576 , 534 , 575 , 559 , 510 , 556
447 , 639 , 879 , 633 , 879 , 659 , 447 , 665
415 , 1138 , 1055 , 1134 , 1055 , 1160 , 415 , 1165
431 , 1299 , 1055 , 1288 , 1055 , 1314 , 431 , 1325
431 , 1349 , 1055 , 1346 , 1055 , 1372 , 431 , 1375
431 , 419 , 1039 , 411 , 1039 , 438 , 431 , 445
171 , 1022 , 207 , 1016 , 211 , 1042 , 175 , 1048
174 , 1260 , 207 , 1258 , 208 , 1283 , 175 , 1285
174 , 1298 , 367 , 1293 , 368 , 1325 , 175 , 1330
175 , 1231 , 415 , 1229 , 415 , 1259 , 175 , 1261
431 , 1417 , 1055 , 1411 , 1055 , 1436 , 431 , 1442
590 , 230 , 687 , 227 , 688 , 255 , 591 , 258
175 , 995 , 1055 , 984 , 1055 , 1010 , 175 , 1022
911 , 225 , 1007 , 226 , 1007 , 255 , 911 , 255
175 , 456 , 303 , 454 , 303 , 482 , 175 , 483
431 , 273 , 1039 , 268 , 1039 , 293 , 431 , 299
190 , 1469 , 303 , 1467 , 304 , 1500 , 191 , 1502
767 , 583 , 879 , 581 , 879 , 606 , 767 , 608
415 , 200 , 1039 , 195 , 1039 , 224 , 415 , 230
191 , 1429 , 335 , 1429 , 335 , 1460 , 191 , 1459
415 , 1191 , 1055 , 1187 , 1055 , 1212 , 415 , 1216
927 , 529 , 1039 , 527 , 1039 , 552 , 927 , 554
175 , 743 , 383 , 742 , 383 , 770 , 175 , 770
175 , 273 , 287 , 273 , 287 , 303 , 175 , 303
927 , 777 , 1055 , 776 , 1055 , 801 , 927 , 802
191 , 1335 , 415 , 1333 , 415 , 1362 , 191 , 1363
927 , 671 , 1039 , 671 , 1039 , 698 , 927 , 697
463 , 230 , 527 , 230 , 527 , 258 , 463 , 258
175 , 494 , 271 , 493 , 271 , 524 , 175 , 525
927 , 633 , 1039 , 631 , 1039 , 657 , 927 , 659
479 , 728 , 575 , 728 , 575 , 754 , 479 , 753
174 , 783 , 239 , 781 , 240 , 811 , 175 , 812
175 , 381 , 207 , 381 , 207 , 403 , 175 , 403
527 , 160 , 623 , 160 , 623 , 189 , 527 , 189
175 , 350 , 399 , 349 , 399 , 379 , 175 , 380
639 , 728 , 736 , 732 , 735 , 755 , 638 , 751
175 , 963 , 415 , 962 , 415 , 991 , 175 , 992
607 , 583 , 719 , 583 , 719 , 610 , 607 , 609
175 , 638 , 383 , 636 , 383 , 668 , 175 , 671
175 , 600 , 383 , 598 , 383 , 625 , 175 , 626
174 , 1191 , 319 , 1188 , 320 , 1220 , 175 , 1223
271 , 200 , 319 , 199 , 319 , 226 , 271 , 226
783 , 777 , 879 , 777 , 879 , 802 , 783 , 802
431 , 819 , 1055 , 815 , 1055 , 841 , 431 , 846
175 , 311 , 303 , 312 , 303 , 339 , 175 , 338
175 , 1059 , 415 , 1057 , 415 , 1086 , 175 , 1088
191 , 1364 , 399 , 1364 , 399 , 1391 , 191 , 1391
175 , 1156 , 271 , 1155 , 271 , 1181 , 175 , 1183
174 , 418 , 271 , 414 , 272 , 445 , 175 , 449
783 , 674 , 879 , 674 , 879 , 699 , 783 , 699
175 , 569 , 399 , 570 , 399 , 597 , 175 , 597
463 , 780 , 735 , 778 , 735 , 803 , 463 , 805
175 , 714 , 415 , 713 , 415 , 741 , 175 , 743
447 , 1470 , 1055 , 1462 , 1055 , 1488 , 447 , 1496
927 , 581 , 1039 , 579 , 1039 , 605 , 927 , 607
191 , 1401 , 415 , 1403 , 415 , 1430 , 191 , 1429
175 , 1125 , 415 , 1122 , 415 , 1151 , 175 , 1155
175 , 677 , 335 , 675 , 335 , 705 , 175 , 706
175 , 533 , 287 , 531 , 287 , 561 , 175 , 563
447 , 910 , 863 , 905 , 863 , 933 , 447 , 937
271 , 818 , 335 , 819 , 335 , 848 , 271 , 848
687 , 531 , 879 , 532 , 879 , 556 , 687 , 554
687 , 672 , 736 , 674 , 735 , 699 , 686 , 698
447 , 584 , 575 , 585 , 575 , 610 , 447 , 609
447 , 494 , 1039 , 489 , 1039 , 514 , 447 , 520
175 , 924 , 319 , 924 , 319 , 954 , 175 , 954
175 , 1087 , 415 , 1085 , 415 , 1115 , 175 , 1117
734 , 229 , 863 , 226 , 864 , 258 , 735 , 262
431 , 363 , 1039 , 359 , 1039 , 384 , 431 , 388
431 , 312 , 1039 , 307 , 1039 , 331 , 431 , 336
175 , 856 , 335 , 857 , 335 , 888 , 175 , 887
575 , 96 , 1039 , 89 , 1039 , 116 , 575 , 124
831 , 157 , 927 , 156 , 927 , 189 , 831 , 190
831 , 726 , 880 , 727 , 879 , 750 , 830 , 748
175 , 898 , 415 , 897 , 415 , 925 , 175 , 926
431 , 1073 , 1055 , 1064 , 1055 , 1091 , 431 , 1100
911 , 905 , 1055 , 905 , 1055 , 929 , 911 , 930
991 , 724 , 1039 , 725 , 1039 , 747 , 991 , 747
415 , 1243 , 1055 , 1239 , 1055 , 1264 , 415 , 1268
591 , 1572 , 623 , 1573 , 623 , 1596 , 591 , 1595
47 , 1665 , 1151 , 1665 , 1151 , 1690 , 47 , 1690
431 , 456 , 1039 , 450 , 1039 , 477 , 431 , 483
511 , 531 , 576 , 534 , 575 , 559 , 510 , 556
447 , 639 , 879 , 633 , 879 , 659 , 447 , 665
415 , 1138 , 1055 , 1134 , 1055 , 1160 , 415 , 1165
431 , 1299 , 1055 , 1288 , 1055 , 1314 , 431 , 1325
431 , 1349 , 1055 , 1346 , 1055 , 1372 , 431 , 1375
431 , 419 , 1039 , 411 , 1039 , 438 , 431 , 445
171 , 1022 , 207 , 1016 , 211 , 1042 , 175 , 1048
174 , 1260 , 207 , 1258 , 208 , 1283 , 175 , 1285
174 , 1298 , 367 , 1293 , 368 , 1325 , 175 , 1330
175 , 1231 , 415 , 1229 , 415 , 1259 , 175 , 1261
431 , 1417 , 1055 , 1411 , 1055 , 1436 , 431 , 1442
590 , 230 , 687 , 227 , 688 , 255 , 591 , 258
175 , 995 , 1055 , 984 , 1055 , 1010 , 175 , 1022
911 , 225 , 1007 , 226 , 1007 , 255 , 911 , 255
175 , 456 , 303 , 454 , 303 , 482 , 175 , 483
431 , 273 , 1039 , 268 , 1039 , 293 , 431 , 299
190 , 1469 , 303 , 1467 , 304 , 1500 , 191 , 1502
767 , 583 , 879 , 581 , 879 , 606 , 767 , 608
415 , 200 , 1039 , 195 , 1039 , 224 , 415 , 230
191 , 1429 , 335 , 1429 , 335 , 1460 , 191 , 1459
415 , 1191 , 1055 , 1187 , 1055 , 1212 , 415 , 1216
927 , 529 , 1039 , 527 , 1039 , 552 , 927 , 554
175 , 743 , 383 , 742 , 383 , 770 , 175 , 770
175 , 273 , 287 , 273 , 287 , 303 , 175 , 303
927 , 777 , 1055 , 776 , 1055 , 801 , 927 , 802
191 , 1335 , 415 , 1333 , 415 , 1362 , 191 , 1363
927 , 671 , 1039 , 671 , 1039 , 698 , 927 , 697
463 , 230 , 527 , 230 , 527 , 258 , 463 , 258
175 , 494 , 271 , 493 , 271 , 524 , 175 , 525
927 , 633 , 1039 , 631 , 1039 , 657 , 927 , 659
479 , 728 , 575 , 728 , 575 , 754 , 479 , 753
174 , 783 , 239 , 781 , 240 , 811 , 175 , 812
175 , 381 , 207 , 381 , 207 , 403 , 175 , 403
527 , 160 , 623 , 160 , 623 , 189 , 527 , 189
175 , 350 , 399 , 349 , 399 , 379 , 175 , 380
639 , 728 , 736 , 732 , 735 , 755 , 638 , 751
175 , 963 , 415 , 962 , 415 , 991 , 175 , 992
607 , 583 , 719 , 583 , 719 , 610 , 607 , 609
175 , 638 , 383 , 636 , 383 , 668 , 175 , 671
175 , 600 , 383 , 598 , 383 , 625 , 175 , 626
174 , 1191 , 319 , 1188 , 320 , 1220 , 175 , 1223
271 , 200 , 319 , 199 , 319 , 226 , 271 , 226
783 , 777 , 879 , 777 , 879 , 802 , 783 , 802
431 , 819 , 1055 , 815 , 1055 , 841 , 431 , 846
175 , 311 , 303 , 312 , 303 , 339 , 175 , 338
175 , 1059 , 415 , 1057 , 415 , 1086 , 175 , 1088
191 , 1364 , 399 , 1364 , 399 , 1391 , 191 , 1391
175 , 1156 , 271 , 1155 , 271 , 1181 , 175 , 1183
174 , 418 , 271 , 414 , 272 , 445 , 175 , 449
783 , 674 , 879 , 674 , 879 , 699 , 783 , 699
175 , 569 , 399 , 570 , 399 , 597 , 175 , 597
463 , 780 , 735 , 778 , 735 , 803 , 463 , 805
175 , 714 , 415 , 713 , 415 , 741 , 175 , 743
447 , 1470 , 1055 , 1462 , 1055 , 1488 , 447 , 1496
927 , 581 , 1039 , 579 , 1039 , 605 , 927 , 607
191 , 1401 , 415 , 1403 , 415 , 1430 , 191 , 1429
175 , 1125 , 415 , 1122 , 415 , 1151 , 175 , 1155
175 , 677 , 335 , 675 , 335 , 705 , 175 , 706
175 , 533 , 287 , 531 , 287 , 561 , 175 , 563
447 , 910 , 863 , 905 , 863 , 933 , 447 , 937
271 , 818 , 335 , 819 , 335 , 848 , 271 , 848
687 , 531 , 879 , 532 , 879 , 556 , 687 , 554
687 , 672 , 736 , 674 , 735 , 699 , 686 , 698
447 , 584 , 575 , 585 , 575 , 610 , 447 , 609
447 , 494 , 1039 , 489 , 1039 , 514 , 447 , 520
175 , 924 , 319 , 924 , 319 , 954 , 175 , 954
175 , 1087 , 415 , 1085 , 415 , 1115 , 175 , 1117
734 , 229 , 863 , 226 , 864 , 258 , 735 , 262
431 , 363 , 1039 , 359 , 1039 , 384 , 431 , 388
431 , 312 , 1039 , 307 , 1039 , 331 , 431 , 336
175 , 856 , 335 , 857 , 335 , 888 , 175 , 887
575 , 96 , 1039 , 89 , 1039 , 116 , 575 , 124
831 , 157 , 927 , 156 , 927 , 189 , 831 , 190
831 , 726 , 880 , 727 , 879 , 750 , 830 , 748
175 , 898 , 415 , 897 , 415 , 925 , 175 , 926
431 , 1073 , 1055 , 1064 , 1055 , 1091 , 431 , 1100
911 , 905 , 1055 , 905 , 1055 , 929 , 911 , 930
991 , 724 , 1039 , 725 , 1039 , 747 , 991 , 747
415 , 1243 , 1055 , 1239 , 1055 , 1264 , 415 , 1268
591 , 1572 , 623 , 1573 , 623 , 1596 , 591 , 1595
47 , 1665 , 1151 , 1665 , 1151 , 1690 , 47 , 1690
431 , 456 , 1039 , 450 , 1039 , 477 , 431 , 483
511 , 531 , 576 , 534 , 575 , 559 , 510 , 556
447 , 639 , 879 , 633 , 879 , 659 , 447 , 665
415 , 1138 , 1055 , 1134 , 1055 , 1160 , 415 , 1165
431 , 1299 , 1055 , 1288 , 1055 , 1314 , 431 , 1325
431 , 1349 , 1055 , 1346 , 1055 , 1372 , 431 , 1375
431 , 419 , 1039 , 411 , 1039 , 438 , 431 , 445
171 , 1022 , 207 , 1016 , 211 , 1042 , 175 , 1048
174 , 1260 , 207 , 1258 , 208 , 1283 , 175 , 1285
174 , 1298 , 367 , 1293 , 368 , 1325 , 175 , 1330
175 , 1231 , 415 , 1229 , 415 , 1259 , 175 , 1261
431 , 1417 , 1055 , 1411 , 1055 , 1436 , 431 , 1442
590 , 230 , 687 , 227 , 688 , 255 , 591 , 258
175 , 995 , 1055 , 984 , 1055 , 1010 , 175 , 1022
911 , 225 , 1007 , 226 , 1007 , 255 , 911 , 255
175 , 456 , 303 , 454 , 303 , 482 , 175 , 483
431 , 273 , 1039 , 268 , 1039 , 293 , 431 , 299
190 , 1469 , 303 , 1467 , 304 , 1500 , 191 , 1502
767 , 583 , 879 , 581 , 879 , 606 , 767 , 608
415 , 200 , 1039 , 195 , 1039 , 224 , 415 , 230
191 , 1429 , 335 , 1429 , 335 , 1460 , 191 , 1459
415 , 1191 , 1055 , 1187 , 1055 , 1212 , 415 , 1216
927 , 529 , 1039 , 527 , 1039 , 552 , 927 , 554
175 , 743 , 383 , 742 , 383 , 770 , 175 , 770
175 , 273 , 287 , 273 , 287 , 303 , 175 , 303
927 , 777 , 1055 , 776 , 1055 , 801 , 927 , 802
191 , 1335 , 415 , 1333 , 415 , 1362 , 191 , 1363
927 , 671 , 1039 , 671 , 1039 , 698 , 927 , 697
463 , 230 , 527 , 230 , 527 , 258 , 463 , 258
175 , 494 , 271 , 493 , 271 , 524 , 175 , 525
927 , 633 , 1039 , 631 , 1039 , 657 , 927 , 659
479 , 728 , 575 , 728 , 575 , 754 , 479 , 753
174 , 783 , 239 , 781 , 240 , 811 , 175 , 812
175 , 381 , 207 , 381 , 207 , 403 , 175 , 403
527 , 160 , 623 , 160 , 623 , 189 , 527 , 189
175 , 350 , 399 , 349 , 399 , 379 , 175 , 380
639 , 728 , 736 , 732 , 735 , 755 , 638 , 751
175 , 963 , 415 , 962 , 415 , 991 , 175 , 992
607 , 583 , 719 , 583 , 719 , 610 , 607 , 609
175 , 638 , 383 , 636 , 383 , 668 , 175 , 671
175 , 600 , 383 , 598 , 383 , 625 , 175 , 626
174 , 1191 , 319 , 1188 , 320 , 1220 , 175 , 1223
271 , 200 , 319 , 199 , 319 , 226 , 271 , 226
783 , 777 , 879 , 777 , 879 , 802 , 783 , 802
431 , 819 , 1055 , 815 , 1055 , 841 , 431 , 846
175 , 311 , 303 , 312 , 303 , 339 , 175 , 338
175 , 1059 , 415 , 1057 , 415 , 1086 , 175 , 1088
191 , 1364 , 399 , 1364 , 399 , 1391 , 191 , 1391
175 , 1156 , 271 , 1155 , 271 , 1181 , 175 , 1183
174 , 418 , 271 , 414 , 272 , 445 , 175 , 449
783 , 674 , 879 , 674 , 879 , 699 , 783 , 699
175 , 569 , 399 , 570 , 399 , 597 , 175 , 597
463 , 780 , 735 , 778 , 735 , 803 , 463 , 805
175 , 714 , 415 , 713 , 415 , 741 , 175 , 743
447 , 1470 , 1055 , 1462 , 1055 , 1488 , 447 , 1496
927 , 581 , 1039 , 579 , 1039 , 605 , 927 , 607
191 , 1401 , 415 , 1403 , 415 , 1430 , 191 , 1429
175 , 1125 , 415 , 1122 , 415 , 1151 , 175 , 1155
175 , 677 , 335 , 675 , 335 , 705 , 175 , 706
175 , 533 , 287 , 531 , 287 , 561 , 175 , 563
447 , 910 , 863 , 905 , 863 , 933 , 447 , 937
271 , 818 , 335 , 819 , 335 , 848 , 271 , 848
687 , 531 , 879 , 532 , 879 , 556 , 687 , 554
687 , 672 , 736 , 674 , 735 , 699 , 686 , 698
447 , 584 , 575 , 585 , 575 , 610 , 447 , 609
447 , 494 , 1039 , 489 , 1039 , 514 , 447 , 520
175 , 924 , 319 , 924 , 319 , 954 , 175 , 954
175 , 1087 , 415 , 1085 , 415 , 1115 , 175 , 1117
734 , 229 , 863 , 226 , 864 , 258 , 735 , 262
431 , 363 , 1039 , 359 , 1039 , 384 , 431 , 388
431 , 312 , 1039 , 307 , 1039 , 331 , 431 , 336
175 , 856 , 335 , 857 , 335 , 888 , 175 , 887
575 , 96 , 1039 , 89 , 1039 , 116 , 575 , 124
831 , 157 , 927 , 156 , 927 , 189 , 831 , 190
831 , 726 , 880 , 727 , 879 , 750 , 830 , 748
175 , 898 , 415 , 897 , 415 , 925 , 175 , 926
431 , 1073 , 1055 , 1064 , 1055 , 1091 , 431 , 1100
911 , 905 , 1055 , 905 , 1055 , 929 , 911 , 930
991 , 724 , 1039 , 725 , 1039 , 747 , 991 , 747
415 , 1243 , 1055 , 1239 , 1055 , 1264 , 415 , 1268
591 , 1572 , 623 , 1573 , 623 , 1596 , 591 , 1595
47 , 1665 , 1151 , 1665 , 1151 , 1690 , 47 , 1690
431 , 456 , 1039 , 450 , 1039 , 477 , 431 , 483
511 , 531 , 576 , 534 , 575 , 559 , 510 , 556
447 , 639 , 879 , 633 , 879 , 659 , 447 , 665
415 , 1138 , 1055 , 1134 , 1055 , 1160 , 415 , 1165
431 , 1299 , 1055 , 1288 , 1055 , 1314 , 431 , 1325
431 , 1349 , 1055 , 1346 , 1055 , 1372 , 431 , 1375
431 , 419 , 1039 , 411 , 1039 , 438 , 431 , 445
171 , 1022 , 207 , 1016 , 211 , 1042 , 175 , 1048
174 , 1260 , 207 , 1258 , 208 , 1283 , 175 , 1285
174 , 1298 , 367 , 1293 , 368 , 1325 , 175 , 1330
175 , 1231 , 415 , 1229 , 415 , 1259 , 175 , 1261
431 , 1417 , 1055 , 1411 , 1055 , 1436 , 431 , 1442
590 , 230 , 687 , 227 , 688 , 255 , 591 , 258
175 , 995 , 1055 , 984 , 1055 , 1010 , 175 , 1022
911 , 225 , 1007 , 226 , 1007 , 255 , 911 , 255
175 , 456 , 303 , 454 , 303 , 482 , 175 , 483
431 , 273 , 1039 , 268 , 1039 , 293 , 431 , 299
190 , 1469 , 303 , 1467 , 304 , 1500 , 191 , 1502
767 , 583 , 879 , 581 , 879 , 606 , 767 , 608
415 , 200 , 1039 , 195 , 1039 , 224 , 415 , 230
191 , 1429 , 335 , 1429 , 335 , 1460 , 191 , 1459
415 , 1191 , 1055 , 1187 , 1055 , 1212 , 415 , 1216
927 , 529 , 1039 , 527 , 1039 , 552 , 927 , 554
175 , 743 , 383 , 742 , 383 , 770 , 175 , 770
175 , 273 , 287 , 273 , 287 , 303 , 175 , 303
927 , 777 , 1055 , 776 , 1055 , 801 , 927 , 802
191 , 1335 , 415 , 1333 , 415 , 1362 , 191 , 1363
927 , 671 , 1039 , 671 , 1039 , 698 , 927 , 697
463 , 230 , 527 , 230 , 527 , 258 , 463 , 258
175 , 494 , 271 , 493 , 271 , 524 , 175 , 525
927 , 633 , 1039 , 631 , 1039 , 657 , 927 , 659
479 , 728 , 575 , 728 , 575 , 754 , 479 , 753
174 , 783 , 239 , 781 , 240 , 811 , 175 , 812
175 , 381 , 207 , 381 , 207 , 403 , 175 , 403
527 , 160 , 623 , 160 , 623 , 189 , 527 , 189
175 , 350 , 399 , 349 , 399 , 379 , 175 , 380
639 , 728 , 736 , 732 , 735 , 755 , 638 , 751
175 , 963 , 415 , 962 , 415 , 991 , 175 , 992
607 , 583 , 719 , 583 , 719 , 610 , 607 , 609
175 , 638 , 383 , 636 , 383 , 668 , 175 , 671
175 , 600 , 383 , 598 , 383 , 625 , 175 , 626
174 , 1191 , 319 , 1188 , 320 , 1220 , 175 , 1223
271 , 200 , 319 , 199 , 319 , 226 , 271 , 226
783 , 777 , 879 , 777 , 879 , 802 , 783 , 802
431 , 819 , 1055 , 815 , 1055 , 841 , 431 , 846
175 , 311 , 303 , 312 , 303 , 339 , 175 , 338
175 , 1059 , 415 , 1057 , 415 , 1086 , 175 , 1088
191 , 1364 , 399 , 1364 , 399 , 1391 , 191 , 1391
175 , 1156 , 271 , 1155 , 271 , 1181 , 175 , 1183
174 , 418 , 271 , 414 , 272 , 445 , 175 , 449
783 , 674 , 879 , 674 , 879 , 699 , 783 , 699
175 , 569 , 399 , 570 , 399 , 597 , 175 , 597
463 , 780 , 735 , 778 , 735 , 803 , 463 , 805
175 , 714 , 415 , 713 , 415 , 741 , 175 , 743
447 , 1470 , 1055 , 1462 , 1055 , 1488 , 447 , 1496
927 , 581 , 1039 , 579 , 1039 , 605 , 927 , 607
191 , 1401 , 415 , 1403 , 415 , 1430 , 191 , 1429
175 , 1125 , 415 , 1122 , 415 , 1151 , 175 , 1155
175 , 677 , 335 , 675 , 335 , 705 , 175 , 706
175 , 533 , 287 , 531 , 287 , 561 , 175 , 563
447 , 910 , 863 , 905 , 863 , 933 , 447 , 937
271 , 818 , 335 , 819 , 335 , 848 , 271 , 848
687 , 531 , 879 , 532 , 879 , 556 , 687 , 554
687 , 672 , 736 , 674 , 735 , 699 , 686 , 698
447 , 584 , 575 , 585 , 575 , 610 , 447 , 609
447 , 494 , 1039 , 489 , 1039 , 514 , 447 , 520
175 , 924 , 319 , 924 , 319 , 954 , 175 , 954
175 , 1087 , 415 , 1085 , 415 , 1115 , 175 , 1117
734 , 229 , 863 , 226 , 864 , 258 , 735 , 262
431 , 363 , 1039 , 359 , 1039 , 384 , 431 , 388
431 , 312 , 1039 , 307 , 1039 , 331 , 431 , 336
175 , 856 , 335 , 857 , 335 , 888 , 175 , 887
575 , 96 , 1039 , 89 , 1039 , 116 , 575 , 124
831 , 157 , 927 , 156 , 927 , 189 , 831 , 190
831 , 726 , 880 , 727 , 879 , 750 , 830 , 748
175 , 898 , 415 , 897 , 415 , 925 , 175 , 926
431 , 1073 , 1055 , 1064 , 1055 , 1091 , 431 , 1100
911 , 905 , 1055 , 905 , 1055 , 929 , 911 , 930
991 , 724 , 1039 , 725 , 1039 , 747 , 991 , 747
415 , 1243 , 1055 , 1239 , 1055 , 1264 , 415 , 1268
591 , 1572 , 623 , 1573 , 623 , 1596 , 591 , 1595
47 , 1665 , 1151 , 1665 , 1151 , 1690 , 47 , 1690
431 , 456 , 1039 , 450 , 1039 , 477 , 431 , 483
511 , 531 , 576 , 534 , 575 , 559 , 510 , 556
447 , 639 , 879 , 633 , 879 , 659 , 447 , 665
415 , 1138 , 1055 , 1134 , 1055 , 1160 , 415 , 1165
431 , 1299 , 1055 , 1288 , 1055 , 1314 , 431 , 1325
431 , 1349 , 1055 , 1346 , 1055 , 1372 , 431 , 1375
431 , 419 , 1039 , 411 , 1039 , 438 , 431 , 445
171 , 1022 , 207 , 1016 , 211 , 1042 , 175 , 1048
174 , 1260 , 207 , 1258 , 208 , 1283 , 175 , 1285
174 , 1298 , 367 , 1293 , 368 , 1325 , 175 , 1330
175 , 1231 , 415 , 1229 , 415 , 1259 , 175 , 1261
431 , 1417 , 1055 , 1411 , 1055 , 1436 , 431 , 1442
590 , 230 , 687 , 227 , 688 , 255 , 591 , 258
175 , 995 , 1055 , 984 , 1055 , 1010 , 175 , 1022
911 , 225 , 1007 , 226 , 1007 , 255 , 911 , 255
175 , 456 , 303 , 454 , 303 , 482 , 175 , 483
431 , 273 , 1039 , 268 , 1039 , 293 , 431 , 299
190 , 1469 , 303 , 1467 , 304 , 1500 , 191 , 1502
767 , 583 , 879 , 581 , 879 , 606 , 767 , 608
415 , 200 , 1039 , 195 , 1039 , 224 , 415 , 230
191 , 1429 , 335 , 1429 , 335 , 1460 , 191 , 1459
415 , 1191 , 1055 , 1187 , 1055 , 1212 , 415 , 1216
927 , 529 , 1039 , 527 , 1039 , 552 , 927 , 554
175 , 743 , 383 , 742 , 383 , 770 , 175 , 770
175 , 273 , 287 , 273 , 287 , 303 , 175 , 303
927 , 777 , 1055 , 776 , 1055 , 801 , 927 , 802
191 , 1335 , 415 , 1333 , 415 , 1362 , 191 , 1363
927 , 671 , 1039 , 671 , 1039 , 698 , 927 , 697
463 , 230 , 527 , 230 , 527 , 258 , 463 , 258
175 , 494 , 271 , 493 , 271 , 524 , 175 , 525
927 , 633 , 1039 , 631 , 1039 , 657 , 927 , 659
479 , 728 , 575 , 728 , 575 , 754 , 479 , 753
174 , 783 , 239 , 781 , 240 , 811 , 175 , 812
175 , 381 , 207 , 381 , 207 , 403 , 175 , 403
527 , 160 , 623 , 160 , 623 , 189 , 527 , 189
175 , 350 , 399 , 349 , 399 , 379 , 175 , 380
639 , 728 , 736 , 732 , 735 , 755 , 638 , 751
175 , 963 , 415 , 962 , 415 , 991 , 175 , 992
607 , 583 , 719 , 583 , 719 , 610 , 607 , 609
175 , 638 , 383 , 636 , 383 , 668 , 175 , 671
175 , 600 , 383 , 598 , 383 , 625 , 175 , 626
174 , 1191 , 319 , 1188 , 320 , 1220 , 175 , 1223
271 , 200 , 319 , 199 , 319 , 226 , 271 , 226
783 , 777 , 879 , 777 , 879 , 802 , 783 , 802
431 , 819 , 1055 , 815 , 1055 , 841 , 431 , 846
175 , 311 , 303 , 312 , 303 , 339 , 175 , 338
175 , 1059 , 415 , 1057 , 415 , 1086 , 175 , 1088
191 , 1364 , 399 , 1364 , 399 , 1391 , 191 , 1391
175 , 1156 , 271 , 1155 , 271 , 1181 , 175 , 1183
174 , 418 , 271 , 414 , 272 , 445 , 175 , 449
783 , 674 , 879 , 674 , 879 , 699 , 783 , 699
175 , 569 , 399 , 570 , 399 , 597 , 175 , 597
463 , 780 , 735 , 778 , 735 , 803 , 463 , 805
175 , 714 , 415 , 713 , 415 , 741 , 175 , 743
447 , 1470 , 1055 , 1462 , 1055 , 1488 , 447 , 1496
927 , 581 , 1039 , 579 , 1039 , 605 , 927 , 607
191 , 1401 , 415 , 1403 , 415 , 1430 , 191 , 1429
175 , 1125 , 415 , 1122 , 415 , 1151 , 175 , 1155
175 , 677 , 335 , 675 , 335 , 705 , 175 , 706
175 , 533 , 287 , 531 , 287 , 561 , 175 , 563
447 , 910 , 863 , 905 , 863 , 933 , 447 , 937
271 , 818 , 335 , 819 , 335 , 848 , 271 , 848
687 , 531 , 879 , 532 , 879 , 556 , 687 , 554
687 , 672 , 736 , 674 , 735 , 699 , 686 , 698
447 , 584 , 575 , 585 , 575 , 610 , 447 , 609
447 , 494 , 1039 , 489 , 1039 , 514 , 447 , 520
175 , 924 , 319 , 924 , 319 , 954 , 175 , 954
175 , 1087 , 415 , 1085 , 415 , 1115 , 175 , 1117
734 , 229 , 863 , 226 , 864 , 258 , 735 , 262
431 , 363 , 1039 , 359 , 1039 , 384 , 431 , 388
431 , 312 , 1039 , 307 , 1039 , 331 , 431 , 336
175 , 856 , 335 , 857 , 335 , 888 , 175 , 887
575 , 96 , 1039 , 89 , 1039 , 116 , 575 , 124
831 , 157 , 927 , 156 , 927 , 189 , 831 , 190
831 , 726 , 880 , 727 , 879 , 750 , 830 , 748
175 , 898 , 415 , 897 , 415 , 925 , 175 , 926
431 , 1073 , 1055 , 1064 , 1055 , 1091 , 431 , 1100
911 , 905 , 1055 , 905 , 1055 , 929 , 911 , 930
991 , 724 , 1039 , 725 , 1039 , 747 , 991 , 747
415 , 1243 , 1055 , 1239 , 1055 , 1264 , 415 , 1268
591 , 1572 , 623 , 1573 , 623 , 1596 , 591 , 1595
47 , 1665 , 1151 , 1665 , 1151 , 1690 , 47 , 1690
431 , 456 , 1039 , 450 , 1039 , 477 , 431 , 483
511 , 531 , 576 , 534 , 575 , 559 , 510 , 556
447 , 639 , 879 , 633 , 879 , 659 , 447 , 665
415 , 1138 , 1055 , 1134 , 1055 , 1160 , 415 , 1165
431 , 1299 , 1055 , 1288 , 1055 , 1314 , 431 , 1325
431 , 1349 , 1055 , 1346 , 1055 , 1372 , 431 , 1375
431 , 419 , 1039 , 411 , 1039 , 438 , 431 , 445
171 , 1022 , 207 , 1016 , 211 , 1042 , 175 , 1048
174 , 1260 , 207 , 1258 , 208 , 1283 , 175 , 1285
174 , 1298 , 367 , 1293 , 368 , 1325 , 175 , 1330
175 , 1231 , 415 , 1229 , 415 , 1259 , 175 , 1261
431 , 1417 , 1055 , 1411 , 1055 , 1436 , 431 , 1442
590 , 230 , 687 , 227 , 688 , 255 , 591 , 258
175 , 995 , 1055 , 984 , 1055 , 1010 , 175 , 1022
