239 , 1391 , 399 , 1392 , 399 , 1412 , 239 , 1411
623 , 1496 , 736 , 1499 , 735 , 1550 , 622 , 1547
207 , 829 , 527 , 831 , 527 , 852 , 207 , 850
719 , 688 , 815 , 688 , 815 , 706 , 719 , 706
943 , 360 , 1007 , 358 , 1007 , 376 , 943 , 378
223 , 1263 , 287 , 1264 , 287 , 1283 , 223 , 1282
431 , 1463 , 607 , 1462 , 607 , 1486 , 431 , 1486
719 , 416 , 831 , 416 , 831 , 435 , 719 , 435
463 , 501 , 511 , 501 , 511 , 519 , 463 , 520
175 , 1431 , 511 , 1431 , 511 , 1455 , 175 , 1455
575 , 527 , 623 , 528 , 623 , 547 , 575 , 546
527 , 1558 , 639 , 1558 , 639 , 1581 , 527 , 1581
911 , 416 , 1007 , 414 , 1007 , 434 , 911 , 435
895 , 688 , 1007 , 688 , 1007 , 707 , 895 , 707
719 , 807 , 831 , 806 , 831 , 824 , 719 , 825
559 , 775 , 639 , 774 , 639 , 794 , 559 , 796
463 , 124 , 719 , 122 , 719 , 155 , 463 , 157
543 , 188 , 640 , 194 , 639 , 218 , 542 , 212
623 , 1451 , 719 , 1451 , 719 , 1503 , 623 , 1503
767 , 661 , 815 , 661 , 815 , 679 , 767 , 679
703 , 270 , 783 , 269 , 783 , 288 , 703 , 290
575 , 269 , 623 , 269 , 623 , 289 , 575 , 289
719 , 1310 , 815 , 1312 , 815 , 1331 , 719 , 1329
239 , 416 , 303 , 417 , 303 , 435 , 239 , 435
911 , 719 , 1007 , 720 , 1007 , 740 , 911 , 738
895 , 1312 , 1007 , 1312 , 1007 , 1330 , 895 , 1330
895 , 300 , 1007 , 301 , 1007 , 321 , 895 , 320
239 , 1119 , 495 , 1119 , 495 , 1139 , 239 , 1140
559 , 472 , 639 , 471 , 639 , 495 , 559 , 496
257 , 175 , 399 , 151 , 413 , 236 , 271 , 259
334 , 270 , 415 , 267 , 416 , 288 , 335 , 292
719 , 624 , 831 , 624 , 831 , 642 , 719 , 642
159 , 1462 , 303 , 1462 , 303 , 1487 , 159 , 1487
959 , 448 , 992 , 449 , 991 , 467 , 958 , 466
207 , 803 , 415 , 808 , 415 , 827 , 207 , 822
223 , 975 , 543 , 980 , 543 , 1000 , 223 , 996
926 , 1461 , 1039 , 1457 , 1040 , 1508 , 927 , 1511
175 , 1094 , 367 , 1093 , 367 , 1115 , 175 , 1115
719 , 749 , 831 , 749 , 831 , 768 , 719 , 768
207 , 918 , 511 , 917 , 511 , 940 , 207 , 940
703 , 328 , 831 , 328 , 831 , 349 , 703 , 348
927 , 477 , 1007 , 477 , 1007 , 496 , 927 , 497
223 , 1206 , 447 , 1207 , 447 , 1228 , 223 , 1226
559 , 687 , 639 , 687 , 639 , 707 , 559 , 707
223 , 863 , 527 , 864 , 527 , 883 , 223 , 882
718 , 478 , 831 , 475 , 832 , 494 , 719 , 497
559 , 382 , 639 , 383 , 639 , 403 , 559 , 402
223 , 1237 , 399 , 1236 , 399 , 1255 , 223 , 1257
559 , 617 , 639 , 617 , 639 , 640 , 559 , 641
559 , 294 , 640 , 298 , 639 , 320 , 558 , 316
239 , 445 , 303 , 445 , 303 , 465 , 239 , 464
559 , 719 , 639 , 719 , 639 , 738 , 559 , 738
735 , 591 , 815 , 591 , 815 , 611 , 735 , 611
559 , 159 , 640 , 160 , 639 , 187 , 558 , 185
223 , 589 , 479 , 591 , 479 , 610 , 223 , 608
767 , 392 , 815 , 392 , 815 , 410 , 767 , 410
911 , 385 , 959 , 385 , 959 , 404 , 911 , 404
223 , 528 , 447 , 529 , 447 , 548 , 223 , 548
559 , 589 , 640 , 592 , 639 , 612 , 558 , 609
223 , 381 , 303 , 381 , 303 , 403 , 223 , 404
703 , 301 , 831 , 301 , 831 , 320 , 703 , 320
239 , 1062 , 543 , 1062 , 543 , 1085 , 239 , 1085
175 , 1007 , 367 , 1008 , 367 , 1027 , 175 , 1027
207 , 1037 , 495 , 1037 , 495 , 1057 , 207 , 1056
719 , 384 , 767 , 385 , 767 , 404 , 719 , 402
719 , 776 , 831 , 777 , 831 , 797 , 719 , 796
895 , 808 , 1007 , 807 , 1007 , 826 , 895 , 827
559 , 325 , 639 , 325 , 639 , 345 , 559 , 345
223 , 501 , 415 , 500 , 415 , 521 , 223 , 522
175 , 745 , 447 , 750 , 447 , 769 , 175 , 764
223 , 557 , 511 , 556 , 511 , 579 , 223 , 580
959 , 390 , 1007 , 391 , 1007 , 411 , 959 , 410
879 , 327 , 1007 , 328 , 1007 , 349 , 879 , 348
575 , 354 , 641 , 360 , 639 , 379 , 573 , 373
927 , 1506 , 1039 , 1505 , 1039 , 1556 , 927 , 1556
719 , 718 , 831 , 721 , 831 , 740 , 719 , 737
783 , 446 , 817 , 449 , 815 , 467 , 781 , 463
879 , 269 , 960 , 271 , 959 , 291 , 878 , 289
223 , 805 , 415 , 807 , 415 , 826 , 223 , 824
959 , 750 , 1008 , 752 , 1007 , 769 , 958 , 768
232 , 181 , 271 , 176 , 278 , 225 , 239 , 230
174 , 1337 , 271 , 1334 , 272 , 1355 , 175 , 1358
207 , 1364 , 399 , 1366 , 399 , 1387 , 207 , 1385
271 , 977 , 543 , 979 , 543 , 1000 , 271 , 998
159 , 1300 , 303 , 1300 , 303 , 1320 , 159 , 1320
621 , 1662 , 655 , 1660 , 657 , 1689 , 623 , 1691
223 , 1150 , 543 , 1149 , 543 , 1171 , 223 , 1171
223 , 949 , 543 , 948 , 543 , 969 , 223 , 970
223 , 619 , 303 , 619 , 303 , 639 , 223 , 640
223 , 325 , 303 , 325 , 303 , 349 , 223 , 349
223 , 471 , 335 , 471 , 335 , 491 , 223 , 491
399 , 222 , 783 , 222 , 783 , 250 , 399 , 250
191 , 653 , 399 , 654 , 399 , 674 , 191 , 673
719 , 1463 , 863 , 1463 , 863 , 1489 , 719 , 1489
175 , 891 , 367 , 893 , 367 , 912 , 175 , 910
895 , 776 , 1007 , 779 , 1007 , 798 , 895 , 796
559 , 443 , 640 , 446 , 639 , 465 , 558 , 462
559 , 413 , 640 , 417 , 639 , 437 , 558 , 433
191 , 775 , 319 , 773 , 319 , 794 , 191 , 795
191 , 684 , 319 , 684 , 319 , 707 , 191 , 707
223 , 350 , 304 , 351 , 303 , 380 , 222 , 378
301 , 353 , 335 , 349 , 337 , 369 , 303 , 373
207 , 714 , 320 , 717 , 319 , 737 , 206 , 734
239 , 1391 , 399 , 1392 , 399 , 1412 , 239 , 1411
623 , 1496 , 736 , 1499 , 735 , 1550 , 622 , 1547
207 , 829 , 527 , 831 , 527 , 852 , 207 , 850
719 , 688 , 815 , 688 , 815 , 706 , 719 , 706
943 , 360 , 1007 , 358 , 1007 , 376 , 943 , 378
223 , 1263 , 287 , 1264 , 287 , 1283 , 223 , 1282
431 , 1463 , 607 , 1462 , 607 , 1486 , 431 , 1486
719 , 416 , 831 , 416 , 831 , 435 , 719 , 435
463 , 501 , 511 , 501 , 511 , 519 , 463 , 520
175 , 1431 , 511 , 1431 , 511 , 1455 , 175 , 1455
575 , 527 , 623 , 528 , 623 , 547 , 575 , 546
527 , 1558 , 639 , 1558 , 639 , 1581 , 527 , 1581
911 , 416 , 1007 , 414 , 1007 , 434 , 911 , 435
895 , 688 , 1007 , 688 , 1007 , 707 , 895 , 707
719 , 807 , 831 , 806 , 831 , 824 , 719 , 825
559 , 775 , 639 , 774 , 639 , 794 , 559 , 796
463 , 124 , 719 , 122 , 719 , 155 , 463 , 157
543 , 188 , 640 , 194 , 639 , 218 , 542 , 212
623 , 1451 , 719 , 1451 , 719 , 1503 , 623 , 1503
767 , 661 , 815 , 661 , 815 , 679 , 767 , 679
703 , 270 , 783 , 269 , 783 , 288 , 703 , 290
575 , 269 , 623 , 269 , 623 , 289 , 575 , 289
719 , 1310 , 815 , 1312 , 815 , 1331 , 719 , 1329
239 , 416 , 303 , 417 , 303 , 435 , 239 , 435
911 , 719 , 1007 , 720 , 1007 , 740 , 911 , 738
895 , 1312 , 1007 , 1312 , 1007 , 1330 , 895 , 1330
895 , 300 , 1007 , 301 , 1007 , 321 , 895 , 320
239 , 1119 , 495 , 1119 , 495 , 1139 , 239 , 1140
559 , 472 , 639 , 471 , 639 , 495 , 559 , 496
257 , 175 , 399 , 151 , 413 , 236 , 271 , 259
334 , 270 , 415 , 267 , 416 , 288 , 335 , 292
719 , 624 , 831 , 624 , 831 , 642 , 719 , 642
159 , 1462 , 303 , 1462 , 303 , 1487 , 159 , 1487
959 , 448 , 992 , 449 , 991 , 467 , 958 , 466
207 , 803 , 415 , 808 , 415 , 827 , 207 , 822
223 , 975 , 543 , 980 , 543 , 1000 , 223 , 996
926 , 1461 , 1039 , 1457 , 1040 , 1508 , 927 , 1511
175 , 1094 , 367 , 1093 , 367 , 1115 , 175 , 1115
719 , 749 , 831 , 749 , 831 , 768 , 719 , 768
207 , 918 , 511 , 917 , 511 , 940 , 207 , 940
703 , 328 , 831 , 328 , 831 , 349 , 703 , 348
927 , 477 , 1007 , 477 , 1007 , 496 , 927 , 497
223 , 1206 , 447 , 1207 , 447 , 1228 , 223 , 1226
559 , 687 , 639 , 687 , 639 , 707 , 559 , 707
223 , 863 , 527 , 864 , 527 , 883 , 223 , 882
718 , 478 , 831 , 475 , 832 , 494 , 719 , 497
559 , 382 , 639 , 383 , 639 , 403 , 559 , 402
223 , 1237 , 399 , 1236 , 399 , 1255 , 223 , 1257
559 , 617 , 639 , 617 , 639 , 640 , 559 , 641
559 , 294 , 640 , 298 , 639 , 320 , 558 , 316
239 , 445 , 303 , 445 , 303 , 465 , 239 , 464
559 , 719 , 639 , 719 , 639 , 738 , 559 , 738
735 , 591 , 815 , 591 , 815 , 611 , 735 , 611
559 , 159 , 640 , 160 , 639 , 187 , 558 , 185
223 , 589 , 479 , 591 , 479 , 610 , 223 , 608
767 , 392 , 815 , 392 , 815 , 410 , 767 , 410
911 , 385 , 959 , 385 , 959 , 404 , 911 , 404
223 , 528 , 447 , 529 , 447 , 548 , 223 , 548
559 , 589 , 640 , 592 , 639 , 612 , 558 , 609
223 , 381 , 303 , 381 , 303 , 403 , 223 , 404
703 , 301 , 831 , 301 , 831 , 320 , 703 , 320
239 , 1062 , 543 , 1062 , 543 , 1085 , 239 , 1085
175 , 1007 , 367 , 1008 , 367 , 1027 , 175 , 1027
207 , 1037 , 495 , 1037 , 495 , 1057 , 207 , 1056
719 , 384 , 767 , 385 , 767 , 404 , 719 , 402
719 , 776 , 831 , 777 , 831 , 797 , 719 , 796
895 , 808 , 1007 , 807 , 1007 , 826 , 895 , 827
559 , 325 , 639 , 325 , 639 , 345 , 559 , 345
223 , 501 , 415 , 500 , 415 , 521 , 223 , 522
175 , 745 , 447 , 750 , 447 , 769 , 175 , 764
223 , 557 , 511 , 556 , 511 , 579 , 223 , 580
959 , 390 , 1007 , 391 , 1007 , 411 , 959 , 410
879 , 327 , 1007 , 328 , 1007 , 349 , 879 , 348
575 , 354 , 641 , 360 , 639 , 379 , 573 , 373
927 , 1506 , 1039 , 1505 , 1039 , 1556 , 927 , 1556
719 , 718 , 831 , 721 , 831 , 740 , 719 , 737
783 , 446 , 817 , 449 , 815 , 467 , 781 , 463
879 , 269 , 960 , 271 , 959 , 291 , 878 , 289
223 , 805 , 415 , 807 , 415 , 826 , 223 , 824
959 , 750 , 1008 , 752 , 1007 , 769 , 958 , 768
232 , 181 , 271 , 176 , 278 , 225 , 239 , 230
174 , 1337 , 271 , 1334 , 272 , 1355 , 175 , 1358
207 , 1364 , 399 , 1366 , 399 , 1387 , 207 , 1385
271 , 977 , 543 , 979 , 543 , 1000 , 271 , 998
159 , 1300 , 303 , 1300 , 303 , 1320 , 159 , 1320
621 , 1662 , 655 , 1660 , 657 , 1689 , 623 , 1691
223 , 1150 , 543 , 1149 , 543 , 1171 , 223 , 1171
223 , 949 , 543 , 948 , 543 , 969 , 223 , 970
223 , 619 , 303 , 619 , 303 , 639 , 223 , 640
223 , 325 , 303 , 325 , 303 , 349 , 223 , 349
223 , 471 , 335 , 471 , 335 , 491 , 223 , 491
399 , 222 , 783 , 222 , 783 , 250 , 399 , 250
191 , 653 , 399 , 654 , 399 , 674 , 191 , 673
719 , 1463 , 863 , 1463 , 863 , 1489 , 719 , 1489
175 , 891 , 367 , 893 , 367 , 912 , 175 , 910
895 , 776 , 1007 , 779 , 1007 , 798 , 895 , 796
559 , 443 , 640 , 446 , 639 , 465 , 558 , 462
559 , 413 , 640 , 417 , 639 , 437 , 558 , 433
191 , 775 , 319 , 773 , 319 , 794 , 191 , 795
191 , 684 , 319 , 684 , 319 , 707 , 191 , 707
223 , 350 , 304 , 351 , 303 , 380 , 222 , 378
301 , 353 , 335 , 349 , 337 , 369 , 303 , 373
207 , 714 , 320 , 717 , 319 , 737 , 206 , 734
239 , 1391 , 399 , 1392 , 399 , 1412 , 239 , 1411
623 , 1496 , 736 , 1499 , 735 , 1550 , 622 , 1547
207 , 829 , 527 , 831 , 527 , 852 , 207 , 850
719 , 688 , 815 , 688 , 815 , 706 , 719 , 706
943 , 360 , 1007 , 358 , 1007 , 376 , 943 , 378
223 , 1263 , 287 , 1264 , 287 , 1283 , 223 , 1282
431 , 1463 , 607 , 1462 , 607 , 1486 , 431 , 1486
719 , 416 , 831 , 416 , 831 , 435 , 719 , 435
463 , 501 , 511 , 501 , 511 , 519 , 463 , 520
175 , 1431 , 511 , 1431 , 511 , 1455 , 175 , 1455
575 , 527 , 623 , 528 , 623 , 547 , 575 , 546
527 , 1558 , 639 , 1558 , 639 , 1581 , 527 , 1581
911 , 416 , 1007 , 414 , 1007 , 434 , 911 , 435
895 , 688 , 1007 , 688 , 1007 , 707 , 895 , 707
719 , 807 , 831 , 806 , 831 , 824 , 719 , 825
559 , 775 , 639 , 774 , 639 , 794 , 559 , 796
463 , 124 , 719 , 122 , 719 , 155 , 463 , 157
543 , 188 , 640 , 194 , 639 , 218 , 542 , 212
623 , 1451 , 719 , 1451 , 719 , 1503 , 623 , 1503
767 , 661 , 815 , 661 , 815 , 679 , 767 , 679
703 , 270 , 783 , 269 , 783 , 288 , 703 , 290
575 , 269 , 623 , 269 , 623 , 289 , 575 , 289
719 , 1310 , 815 , 1312 , 815 , 1331 , 719 , 1329
239 , 416 , 303 , 417 , 303 , 435 , 239 , 435
911 , 719 , 1007 , 720 , 1007 , 740 , 911 , 738
895 , 1312 , 1007 , 1312 , 1007 , 1330 , 895 , 1330
895 , 300 , 1007 , 301 , 1007 , 321 , 895 , 320
239 , 1119 , 495 , 1119 , 495 , 1139 , 239 , 1140
559 , 472 , 639 , 471 , 639 , 495 , 559 , 496
257 , 175 , 399 , 151 , 413 , 236 , 271 , 259
334 , 270 , 415 , 267 , 416 , 288 , 335 , 292
719 , 624 , 831 , 624 , 831 , 642 , 719 , 642
159 , 1462 , 303 , 1462 , 303 , 1487 , 159 , 1487
959 , 448 , 992 , 449 , 991 , 467 , 958 , 466
207 , 803 , 415 , 808 , 415 , 827 , 207 , 822
223 , 975 , 543 , 980 , 543 , 1000 , 223 , 996
926 , 1461 , 1039 , 1457 , 1040 , 1508 , 927 , 1511
175 , 1094 , 367 , 1093 , 367 , 1115 , 175 , 1115
719 , 749 , 831 , 749 , 831 , 768 , 719 , 768
207 , 918 , 511 , 917 , 511 , 940 , 207 , 940
703 , 328 , 831 , 328 , 831 , 349 , 703 , 348
927 , 477 , 1007 , 477 , 1007 , 496 , 927 , 497
223 , 1206 , 447 , 1207 , 447 , 1228 , 223 , 1226
559 , 687 , 639 , 687 , 639 , 707 , 559 , 707
223 , 863 , 527 , 864 , 527 , 883 , 223 , 882
718 , 478 , 831 , 475 , 832 , 494 , 719 , 497
559 , 382 , 639 , 383 , 639 , 403 , 559 , 402
223 , 1237 , 399 , 1236 , 399 , 1255 , 223 , 1257
559 , 617 , 639 , 617 , 639 , 640 , 559 , 641
559 , 294 , 640 , 298 , 639 , 320 , 558 , 316
239 , 445 , 303 , 445 , 303 , 465 , 239 , 464
559 , 719 , 639 , 719 , 639 , 738 , 559 , 738
735 , 591 , 815 , 591 , 815 , 611 , 735 , 611
559 , 159 , 640 , 160 , 639 , 187 , 558 , 185
223 , 589 , 479 , 591 , 479 , 610 , 223 , 608
767 , 392 , 815 , 392 , 815 , 410 , 767 , 410
911 , 385 , 959 , 385 , 959 , 404 , 911 , 404
223 , 528 , 447 , 529 , 447 , 548 , 223 , 548
559 , 589 , 640 , 592 , 639 , 612 , 558 , 609
223 , 381 , 303 , 381 , 303 , 403 , 223 , 404
703 , 301 , 831 , 301 , 831 , 320 , 703 , 320
239 , 1062 , 543 , 1062 , 543 , 1085 , 239 , 1085
175 , 1007 , 367 , 1008 , 367 , 1027 , 175 , 1027
207 , 1037 , 495 , 1037 , 495 , 1057 , 207 , 1056
719 , 384 , 767 , 385 , 767 , 404 , 719 , 402
719 , 776 , 831 , 777 , 831 , 797 , 719 , 796
895 , 808 , 1007 , 807 , 1007 , 826 , 895 , 827
559 , 325 , 639 , 325 , 639 , 345 , 559 , 345
223 , 501 , 415 , 500 , 415 , 521 , 223 , 522
175 , 745 , 447 , 750 , 447 , 769 , 175 , 764
223 , 557 , 511 , 556 , 511 , 579 , 223 , 580
959 , 390 , 1007 , 391 , 1007 , 411 , 959 , 410
879 , 327 , 1007 , 328 , 1007 , 349 , 879 , 348
575 , 354 , 641 , 360 , 639 , 379 , 573 , 373
927 , 1506 , 1039 , 1505 , 1039 , 1556 , 927 , 1556
719 , 718 , 831 , 721 , 831 , 740 , 719 , 737
783 , 446 , 817 , 449 , 815 , 467 , 781 , 463
879 , 269 , 960 , 271 , 959 , 291 , 878 , 289
223 , 805 , 415 , 807 , 415 , 826 , 223 , 824
959 , 750 , 1008 , 752 , 1007 , 769 , 958 , 768
232 , 181 , 271 , 176 , 278 , 225 , 239 , 230
174 , 1337 , 271 , 1334 , 272 , 1355 , 175 , 1358
207 , 1364 , 399 , 1366 , 399 , 1387 , 207 , 1385
271 , 977 , 543 , 979 , 543 , 1000 , 271 , 998
159 , 1300 , 303 , 1300 , 303 , 1320 , 159 , 1320
621 , 1662 , 655 , 1660 , 657 , 1689 , 623 , 1691
223 , 1150 , 543 , 1149 , 543 , 1171 , 223 , 1171
223 , 949 , 543 , 948 , 543 , 969 , 223 , 970
223 , 619 , 303 , 619 , 303 , 639 , 223 , 640
223 , 325 , 303 , 325 , 303 , 349 , 223 , 349
223 , 471 , 335 , 471 , 335 , 491 , 223 , 491
399 , 222 , 783 , 222 , 783 , 250 , 399 , 250
191 , 653 , 399 , 654 , 399 , 674 , 191 , 673
719 , 1463 , 863 , 1463 , 863 , 1489 , 719 , 1489
175 , 891 , 367 , 893 , 367 , 912 , 175 , 910
895 , 776 , 1007 , 779 , 1007 , 798 , 895 , 796
559 , 443 , 640 , 446 , 639 , 465 , 558 , 462
559 , 413 , 640 , 417 , 639 , 437 , 558 , 433
191 , 775 , 319 , 773 , 319 , 794 , 191 , 795
191 , 684 , 319 , 684 , 319 , 707 , 191 , 707
223 , 350 , 304 , 351 , 303 , 380 , 222 , 378
301 , 353 , 335 , 349 , 337 , 369 , 303 , 373
207 , 714 , 320 , 717 , 319 , 737 , 206 , 734
239 , 1391 , 399 , 1392 , 399 , 1412 , 239 , 1411
623 , 1496 , 736 , 1499 , 735 , 1550 , 622 , 1547
207 , 829 , 527 , 831 , 527 , 852 , 207 , 850
719 , 688 , 815 , 688 , 815 , 706 , 719 , 706
943 , 360 , 1007 , 358 , 1007 , 376 , 943 , 378
223 , 1263 , 287 , 1264 , 287 , 1283 , 223 , 1282
431 , 1463 , 607 , 1462 , 607 , 1486 , 431 , 1486
719 , 416 , 831 , 416 , 831 , 435 , 719 , 435
463 , 501 , 511 , 501 , 511 , 519 , 463 , 520
175 , 1431 , 511 , 1431 , 511 , 1455 , 175 , 1455
575 , 527 , 623 , 528 , 623 , 547 , 575 , 546
527 , 1558 , 639 , 1558 , 639 , 1581 , 527 , 1581
911 , 416 , 1007 , 414 , 1007 , 434 , 911 , 435
895 , 688 , 1007 , 688 , 1007 , 707 , 895 , 707
719 , 807 , 831 , 806 , 831 , 824 , 719 , 825
559 , 775 , 639 , 774 , 639 , 794 , 559 , 796
463 , 124 , 719 , 122 , 719 , 155 , 463 , 157
543 , 188 , 640 , 194 , 639 , 218 , 542 , 212
623 , 1451 , 719 , 1451 , 719 , 1503 , 623 , 1503
767 , 661 , 815 , 661 , 815 , 679 , 767 , 679
703 , 270 , 783 , 269 , 783 , 288 , 703 , 290
575 , 269 , 623 , 269 , 623 , 289 , 575 , 289
719 , 1310 , 815 , 1312 , 815 , 1331 , 719 , 1329
239 , 416 , 303 , 417 , 303 , 435 , 239 , 435
911 , 719 , 1007 , 720 , 1007 , 740 , 911 , 738
895 , 1312 , 1007 , 1312 , 1007 , 1330 , 895 , 1330
895 , 300 , 1007 , 301 , 1007 , 321 , 895 , 320
239 , 1119 , 495 , 1119 , 495 , 1139 , 239 , 1140
559 , 472 , 639 , 471 , 639 , 495 , 559 , 496
257 , 175 , 399 , 151 , 413 , 236 , 271 , 259
334 , 270 , 415 , 267 , 416 , 288 , 335 , 292
719 , 624 , 831 , 624 , 831 , 642 , 719 , 642
159 , 1462 , 303 , 1462 , 303 , 1487 , 159 , 1487
959 , 448 , 992 , 449 , 991 , 467 , 958 , 466
207 , 803 , 415 , 808 , 415 , 827 , 207 , 822
223 , 975 , 543 , 980 , 543 , 1000 , 223 , 996
926 , 1461 , 1039 , 1457 , 1040 , 1508 , 927 , 1511
175 , 1094 , 367 , 1093 , 367 , 1115 , 175 , 1115
719 , 749 , 831 , 749 , 831 , 768 , 719 , 768
207 , 918 , 511 , 917 , 511 , 940 , 207 , 940
703 , 328 , 831 , 328 , 831 , 349 , 703 , 348
927 , 477 , 1007 , 477 , 1007 , 496 , 927 , 497
223 , 1206 , 447 , 1207 , 447 , 1228 , 223 , 1226
559 , 687 , 639 , 687 , 639 , 707 , 559 , 707
223 , 863 , 527 , 864 , 527 , 883 , 223 , 882
718 , 478 , 831 , 475 , 832 , 494 , 719 , 497
559 , 382 , 639 , 383 , 639 , 403 , 559 , 402
223 , 1237 , 399 , 1236 , 399 , 1255 , 223 , 1257
559 , 617 , 639 , 617 , 639 , 640 , 559 , 641
559 , 294 , 640 , 298 , 639 , 320 , 558 , 316
239 , 445 , 303 , 445 , 303 , 465 , 239 , 464
559 , 719 , 639 , 719 , 639 , 738 , 559 , 738
735 , 591 , 815 , 591 , 815 , 611 , 735 , 611
559 , 159 , 640 , 160 , 639 , 187 , 558 , 185
223 , 589 , 479 , 591 , 479 , 610 , 223 , 608
767 , 392 , 815 , 392 , 815 , 410 , 767 , 410
911 , 385 , 959 , 385 , 959 , 404 , 911 , 404
223 , 528 , 447 , 529 , 447 , 548 , 223 , 548
559 , 589 , 640 , 592 , 639 , 612 , 558 , 609
223 , 381 , 303 , 381 , 303 , 403 , 223 , 404
703 , 301 , 831 , 301 , 831 , 320 , 703 , 320
239 , 1062 , 543 , 1062 , 543 , 1085 , 239 , 1085
175 , 1007 , 367 , 1008 , 367 , 1027 , 175 , 1027
207 , 1037 , 495 , 1037 , 495 , 1057 , 207 , 1056
719 , 384 , 767 , 385 , 767 , 404 , 719 , 402
719 , 776 , 831 , 777 , 831 , 797 , 719 , 796
895 , 808 , 1007 , 807 , 1007 , 826 , 895 , 827
559 , 325 , 639 , 325 , 639 , 345 , 559 , 345
223 , 501 , 415 , 500 , 415 , 521 , 223 , 522
175 , 745 , 447 , 750 , 447 , 769 , 175 , 764
223 , 557 , 511 , 556 , 511 , 579 , 223 , 580
959 , 390 , 1007 , 391 , 1007 , 411 , 959 , 410
879 , 327 , 1007 , 328 , 1007 , 349 , 879 , 348
575 , 354 , 641 , 360 , 639 , 379 , 573 , 373
927 , 1506 , 1039 , 1505 , 1039 , 1556 , 927 , 1556
719 , 718 , 831 , 721 , 831 , 740 , 719 , 737
783 , 446 , 817 , 449 , 815 , 467 , 781 , 463
879 , 269 , 960 , 271 , 959 , 291 , 878 , 289
223 , 805 , 415 , 807 , 415 , 826 , 223 , 824
959 , 750 , 1008 , 752 , 1007 , 769 , 958 , 768
232 , 181 , 271 , 176 , 278 , 225 , 239 , 230
174 , 1337 , 271 , 1334 , 272 , 1355 , 175 , 1358
207 , 1364 , 399 , 1366 , 399 , 1387 , 207 , 1385
271 , 977 , 543 , 979 , 543 , 1000 , 271 , 998
159 , 1300 , 303 , 1300 , 303 , 1320 , 159 , 1320
621 , 1662 , 655 , 1660 , 657 , 1689 , 623 , 1691
223 , 1150 , 543 , 1149 , 543 , 1171 , 223 , 1171
223 , 949 , 543 , 948 , 543 , 969 , 223 , 970
223 , 619 , 303 , 619 , 303 , 639 , 223 , 640
223 , 325 , 303 , 325 , 303 , 349 , 223 , 349
223 , 471 , 335 , 471 , 335 , 491 , 223 , 491
399 , 222 , 783 , 222 , 783 , 250 , 399 , 250
191 , 653 , 399 , 654 , 399 , 674 , 191 , 673
719 , 1463 , 863 , 1463 , 863 , 1489 , 719 , 1489
175 , 891 , 367 , 893 , 367 , 912 , 175 , 910
895 , 776 , 1007 , 779 , 1007 , 798 , 895 , 796
559 , 443 , 640 , 446 , 639 , 465 , 558 , 462
559 , 413 , 640 , 417 , 639 , 437 , 558 , 433
191 , 775 , 319 , 773 , 319 , 794 , 191 , 795
191 , 684 , 319 , 684 , 319 , 707 , 191 , 707
223 , 350 , 304 , 351 , 303 , 380 , 222 , 378
301 , 353 , 335 , 349 , 337 , 369 , 303 , 373
207 , 714 , 320 , 717 , 319 , 737 , 206 , 734
239 , 1391 , 399 , 1392 , 399 , 1412 , 239 , 1411
623 , 1496 , 736 , 1499 , 735 , 1550 , 622 , 1547
207 , 829 , 527 , 831 , 527 , 852 , 207 , 850
719 , 688 , 815 , 688 , 815 , 706 , 719 , 706
943 , 360 , 1007 , 358 , 1007 , 376 , 943 , 378
223 , 1263 , 287 , 1264 , 287 , 1283 , 223 , 1282
431 , 1463 , 607 , 1462 , 607 , 1486 , 431 , 1486
719 , 416 , 831 , 416 , 831 , 435 , 719 , 435
463 , 501 , 511 , 501 , 511 , 519 , 463 , 520
175 , 1431 , 511 , 1431 , 511 , 1455 , 175 , 1455
575 , 527 , 623 , 528 , 623 , 547 , 575 , 546
527 , 1558 , 639 , 1558 , 639 , 1581 , 527 , 1581
911 , 416 , 1007 , 414 , 1007 , 434 , 911 , 435
895 , 688 , 1007 , 688 , 1007 , 707 , 895 , 707
719 , 807 , 831 , 806 , 831 , 824 , 719 , 825
559 , 775 , 639 , 774 , 639 , 794 , 559 , 796
463 , 124 , 719 , 122 , 719 , 155 , 463 , 157
543 , 188 , 640 , 194 , 639 , 218 , 542 , 212
623 , 1451 , 719 , 1451 , 719 , 1503 , 623 , 1503
767 , 661 , 815 , 661 , 815 , 679 , 767 , 679
703 , 270 , 783 , 269 , 783 , 288 , 703 , 290
575 , 269 , 623 , 269 , 623 , 289 , 575 , 289
719 , 1310 , 815 , 1312 , 815 , 1331 , 719 , 1329
239 , 416 , 303 , 417 , 303 , 435 , 239 , 435
911 , 719 , 1007 , 720 , 1007 , 740 , 911 , 738
895 , 1312 , 1007 , 1312 , 1007 , 1330 , 895 , 1330
895 , 300 , 1007 , 301 , 1007 , 321 , 895 , 320
239 , 1119 , 495 , 1119 , 495 , 1139 , 239 , 1140
559 , 472 , 639 , 471 , 639 , 495 , 559 , 496
257 , 175 , 399 , 151 , 413 , 236 , 271 , 259
334 , 270 , 415 , 267 , 416 , 288 , 335 , 292
719 , 624 , 831 , 624 , 831 , 642 , 719 , 642
159 , 1462 , 303 , 1462 , 303 , 1487 , 159 , 1487
959 , 448 , 992 , 449 , 991 , 467 , 958 , 466
207 , 803 , 415 , 808 , 415 , 827 , 207 , 822
223 , 975 , 543 , 980 , 543 , 1000 , 223 , 996
926 , 1461 , 1039 , 1457 , 1040 , 1508 , 927 , 1511
175 , 1094 , 367 , 1093 , 367 , 1115 , 175 , 1115
719 , 749 , 831 , 749 , 831 , 768 , 719 , 768
207 , 918 , 511 , 917 , 511 , 940 , 207 , 940
703 , 328 , 831 , 328 , 831 , 349 , 703 , 348
927 , 477 , 1007 , 477 , 1007 , 496 , 927 , 497
223 , 1206 , 447 , 1207 , 447 , 1228 , 223 , 1226
559 , 687 , 639 , 687 , 639 , 707 , 559 , 707
223 , 863 , 527 , 864 , 527 , 883 , 223 , 882
718 , 478 , 831 , 475 , 832 , 494 , 719 , 497
559 , 382 , 639 , 383 , 639 , 403 , 559 , 402
223 , 1237 , 399 , 1236 , 399 , 1255 , 223 , 1257
559 , 617 , 639 , 617 , 639 , 640 , 559 , 641
559 , 294 , 640 , 298 , 639 , 320 , 558 , 316
239 , 445 , 303 , 445 , 303 , 465 , 239 , 464
559 , 719 , 639 , 719 , 639 , 738 , 559 , 738
735 , 591 , 815 , 591 , 815 , 611 , 735 , 611
559 , 159 , 640 , 160 , 639 , 187 , 558 , 185
223 , 589 , 479 , 591 , 479 , 610 , 223 , 608
767 , 392 , 815 , 392 , 815 , 410 , 767 , 410
911 , 385 , 959 , 385 , 959 , 404 , 911 , 404
223 , 528 , 447 , 529 , 447 , 548 , 223 , 548
559 , 589 , 640 , 592 , 639 , 612 , 558 , 609
223 , 381 , 303 , 381 , 303 , 403 , 223 , 404
703 , 301 , 831 , 301 , 831 , 320 , 703 , 320
239 , 1062 , 543 , 1062 , 543 , 1085 , 239 , 1085
175 , 1007 , 367 , 1008 , 367 , 1027 , 175 , 1027
207 , 1037 , 495 , 1037 , 495 , 1057 , 207 , 1056
719 , 384 , 767 , 385 , 767 , 404 , 719 , 402
719 , 776 , 831 , 777 , 831 , 797 , 719 , 796
895 , 808 , 1007 , 807 , 1007 , 826 , 895 , 827
559 , 325 , 639 , 325 , 639 , 345 , 559 , 345
223 , 501 , 415 , 500 , 415 , 521 , 223 , 522
175 , 745 , 447 , 750 , 447 , 769 , 175 , 764
223 , 557 , 511 , 556 , 511 , 579 , 223 , 580
959 , 390 , 1007 , 391 , 1007 , 411 , 959 , 410
879 , 327 , 1007 , 328 , 1007 , 349 , 879 , 348
575 , 354 , 641 , 360 , 639 , 379 , 573 , 373
927 , 1506 , 1039 , 1505 , 1039 , 1556 , 927 , 1556
719 , 718 , 831 , 721 , 831 , 740 , 719 , 737
783 , 446 , 817 , 449 , 815 , 467 , 781 , 463
879 , 269 , 960 , 271 , 959 , 291 , 878 , 289
223 , 805 , 415 , 807 , 415 , 826 , 223 , 824
959 , 750 , 1008 , 752 , 1007 , 769 , 958 , 768
232 , 181 , 271 , 176 , 278 , 225 , 239 , 230
174 , 1337 , 271 , 1334 , 272 , 1355 , 175 , 1358
207 , 1364 , 399 , 1366 , 399 , 1387 , 207 , 1385
271 , 977 , 543 , 979 , 543 , 1000 , 271 , 998
159 , 1300 , 303 , 1300 , 303 , 1320 , 159 , 1320
621 , 1662 , 655 , 1660 , 657 , 1689 , 623 , 1691
223 , 1150 , 543 , 1149 , 543 , 1171 , 223 , 1171
223 , 949 , 543 , 948 , 543 , 969 , 223 , 970
223 , 619 , 303 , 619 , 303 , 639 , 223 , 640
223 , 325 , 303 , 325 , 303 , 349 , 223 , 349
223 , 471 , 335 , 471 , 335 , 491 , 223 , 491
399 , 222 , 783 , 222 , 783 , 250 , 399 , 250
191 , 653 , 399 , 654 , 399 , 674 , 191 , 673
719 , 1463 , 863 , 1463 , 863 , 1489 , 719 , 1489
175 , 891 , 367 , 893 , 367 , 912 , 175 , 910
895 , 776 , 1007 , 779 , 1007 , 798 , 895 , 796
559 , 443 , 640 , 446 , 639 , 465 , 558 , 462
559 , 413 , 640 , 417 , 639 , 437 , 558 , 433
191 , 775 , 319 , 773 , 319 , 794 , 191 , 795
191 , 684 , 319 , 684 , 319 , 707 , 191 , 707
223 , 350 , 304 , 351 , 303 , 380 , 222 , 378
301 , 353 , 335 , 349 , 337 , 369 , 303 , 373
207 , 714 , 320 , 717 , 319 , 737 , 206 , 734
239 , 1391 , 399 , 1392 , 399 , 1412 , 239 , 1411
623 , 1496 , 736 , 1499 , 735 , 1550 , 622 , 1547
207 , 829 , 527 , 831 , 527 , 852 , 207 , 850
719 , 688 , 815 , 688 , 815 , 706 , 719 , 706
943 , 360 , 1007 , 358 , 1007 , 376 , 943 , 378
223 , 1263 , 287 , 1264 , 287 , 1283 , 223 , 1282
431 , 1463 , 607 , 1462 , 607 , 1486 , 431 , 1486
719 , 416 , 831 , 416 , 831 , 435 , 719 , 435
463 , 501 , 511 , 501 , 511 , 519 , 463 , 520
175 , 1431 , 511 , 1431 , 511 , 1455 , 175 , 1455
575 , 527 , 623 , 528 , 623 , 547 , 575 , 546
527 , 1558 , 639 , 1558 , 639 , 1581 , 527 , 1581
911 , 416 , 1007 , 414 , 1007 , 434 , 911 , 435
895 , 688 , 1007 , 688 , 1007 , 707 , 895 , 707
719 , 807 , 831 , 806 , 831 , 824 , 719 , 825
559 , 775 , 639 , 774 , 639 , 794 , 559 , 796
463 , 124 , 719 , 122 , 719 , 155 , 463 , 157
543 , 188 , 640 , 194 , 639 , 218 , 542 , 212
623 , 1451 , 719 , 1451 , 719 , 1503 , 623 , 1503
767 , 661 , 815 , 661 , 815 , 679 , 767 , 679
703 , 270 , 783 , 269 , 783 , 288 , 703 , 290
575 , 269 , 623 , 269 , 623 , 289 , 575 , 289
719 , 1310 , 815 , 1312 , 815 , 1331 , 719 , 1329
239 , 416 , 303 , 417 , 303 , 435 , 239 , 435
911 , 719 , 1007 , 720 , 1007 , 740 , 911 , 738
895 , 1312 , 1007 , 1312 , 1007 , 1330 , 895 , 1330
895 , 300 , 1007 , 301 , 1007 , 321 , 895 , 320
239 , 1119 , 495 , 1119 , 495 , 1139 , 239 , 1140
559 , 472 , 639 , 471 , 639 , 495 , 559 , 496
257 , 175 , 399 , 151 , 413 , 236 , 271 , 259
334 , 270 , 415 , 267 , 416 , 288 , 335 , 292
719 , 624 , 831 , 624 , 831 , 642 , 719 , 642
159 , 1462 , 303 , 1462 , 303 , 1487 , 159 , 1487
959 , 448 , 992 , 449 , 991 , 467 , 958 , 466
207 , 803 , 415 , 808 , 415 , 827 , 207 , 822
223 , 975 , 543 , 980 , 543 , 1000 , 223 , 996
926 , 1461 , 1039 , 1457 , 1040 , 1508 , 927 , 1511
175 , 1094 , 367 , 1093 , 367 , 1115 , 175 , 1115
719 , 749 , 831 , 749 , 831 , 768 , 719 , 768
207 , 918 , 511 , 917 , 511 , 940 , 207 , 940
703 , 328 , 831 , 328 , 831 , 349 , 703 , 348
927 , 477 , 1007 , 477 , 1007 , 496 , 927 , 497
223 , 1206 , 447 , 1207 , 447 , 1228 , 223 , 1226
559 , 687 , 639 , 687 , 639 , 707 , 559 , 707
223 , 863 , 527 , 864 , 527 , 883 , 223 , 882
718 , 478 , 831 , 475 , 832 , 494 , 719 , 497
559 , 382 , 639 , 383 , 639 , 403 , 559 , 402
223 , 1237 , 399 , 1236 , 399 , 1255 , 223 , 1257
559 , 617 , 639 , 617 , 639 , 640 , 559 , 641
559 , 294 , 640 , 298 , 639 , 320 , 558 , 316
239 , 445 , 303 , 445 , 303 , 465 , 239 , 464
559 , 719 , 639 , 719 , 639 , 738 , 559 , 738
735 , 591 , 815 , 591 , 815 , 611 , 735 , 611
559 , 159 , 640 , 160 , 639 , 187 , 558 , 185
223 , 589 , 479 , 591 , 479 , 610 , 223 , 608
767 , 392 , 815 , 392 , 815 , 410 , 767 , 410
911 , 385 , 959 , 385 , 959 , 404 , 911 , 404
223 , 528 , 447 , 529 , 447 , 548 , 223 , 548
559 , 589 , 640 , 592 , 639 , 612 , 558 , 609
223 , 381 , 303 , 381 , 303 , 403 , 223 , 404
703 , 301 , 831 , 301 , 831 , 320 , 703 , 320
239 , 1062 , 543 , 1062 , 543 , 1085 , 239 , 1085
175 , 1007 , 367 , 1008 , 367 , 1027 , 175 , 1027
207 , 1037 , 495 , 1037 , 495 , 1057 , 207 , 1056
719 , 384 , 767 , 385 , 767 , 404 , 719 , 402
719 , 776 , 831 , 777 , 831 , 797 , 719 , 796
895 , 808 , 1007 , 807 , 1007 , 826 , 895 , 827
559 , 325 , 639 , 325 , 639 , 345 , 559 , 345
223 , 501 , 415 , 500 , 415 , 521 , 223 , 522
175 , 745 , 447 , 750 , 447 , 769 , 175 , 764
223 , 557 , 511 , 556 , 511 , 579 , 223 , 580
959 , 390 , 1007 , 391 , 1007 , 411 , 959 , 410
879 , 327 , 1007 , 328 , 1007 , 349 , 879 , 348
575 , 354 , 641 , 360 , 639 , 379 , 573 , 373
927 , 1506 , 1039 , 1505 , 1039 , 1556 , 927 , 1556
719 , 718 , 831 , 721 , 831 , 740 , 719 , 737
783 , 446 , 817 , 449 , 815 , 467 , 781 , 463
879 , 269 , 960 , 271 , 959 , 291 , 878 , 289
223 , 805 , 415 , 807 , 415 , 826 , 223 , 824
959 , 750 , 1008 , 752 , 1007 , 769 , 958 , 768
232 , 181 , 271 , 176 , 278 , 225 , 239 , 230
174 , 1337 , 271 , 1334 , 272 , 1355 , 175 , 1358
207 , 1364 , 399 , 1366 , 399 , 1387 , 207 , 1385
271 , 977 , 543 , 979 , 543 , 1000 , 271 , 998
159 , 1300 , 303 , 1300 , 303 , 1320 , 159 , 1320
621 , 1662 , 655 , 1660 , 657 , 1689 , 623 , 1691
223 , 1150 , 543 , 1149 , 543 , 1171 , 223 , 1171
223 , 949 , 543 , 948 , 543 , 969 , 223 , 970
223 , 619 , 303 , 619 , 303 , 639 , 223 , 640
223 , 325 , 303 , 325 , 303 , 349 , 223 , 349
223 , 471 , 335 , 471 , 335 , 491 , 223 , 491
399 , 222 , 783 , 222 , 783 , 250 , 399 , 250
191 , 653 , 399 , 654 , 399 , 674 , 191 , 673
719 , 1463 , 863 , 1463 , 863 , 1489 , 719 , 1489
175 , 891 , 367 , 893 , 367 , 912 , 175 , 910
895 , 776 , 1007 , 779 , 1007 , 798 , 895 , 796
559 , 443 , 640 , 446 , 639 , 465 , 558 , 462
559 , 413 , 640 , 417 , 639 , 437 , 558 , 433
191 , 775 , 319 , 773 , 319 , 794 , 191 , 795
191 , 684 , 319 , 684 , 319 , 707 , 191 , 707
223 , 350 , 304 , 351 , 303 , 380 , 222 , 378
301 , 353 , 335 , 349 , 337 , 369 , 303 , 373
207 , 714 , 320 , 717 , 319 , 737 , 206 , 734
239 , 1391 , 399 , 1392 , 399 , 1412 , 239 , 1411
623 , 1496 , 736 , 1499 , 735 , 1550 , 622 , 1547
207 , 829 , 527 , 831 , 527 , 852 , 207 , 850
719 , 688 , 815 , 688 , 815 , 706 , 719 , 706
943 , 360 , 1007 , 358 , 1007 , 376 , 943 , 378
223 , 1263 , 287 , 1264 , 287 , 1283 , 223 , 1282
431 , 1463 , 607 , 1462 , 607 , 1486 , 431 , 1486
719 , 416 , 831 , 416 , 831 , 435 , 719 , 435
463 , 501 , 511 , 501 , 511 , 519 , 463 , 520
175 , 1431 , 511 , 1431 , 511 , 1455 , 175 , 1455
575 , 527 , 623 , 528 , 623 , 547 , 575 , 546
527 , 1558 , 639 , 1558 , 639 , 1581 , 527 , 1581
911 , 416 , 1007 , 414 , 1007 , 434 , 911 , 435
895 , 688 , 1007 , 688 , 1007 , 707 , 895 , 707
719 , 807 , 831 , 806 , 831 , 824 , 719 , 825
559 , 775 , 639 , 774 , 639 , 794 , 559 , 796
463 , 124 , 719 , 122 , 719 , 155 , 463 , 157
543 , 188 , 640 , 194 , 639 , 218 , 542 , 212
623 , 1451 , 719 , 1451 , 719 , 1503 , 623 , 1503
767 , 661 , 815 , 661 , 815 , 679 , 767 , 679
703 , 270 , 783 , 269 , 783 , 288 , 703 , 290
575 , 269 , 623 , 269 , 623 , 289 , 575 , 289
719 , 1310 , 815 , 1312 , 815 , 1331 , 719 , 1329
239 , 416 , 303 , 417 , 303 , 435 , 239 , 435
911 , 719 , 1007 , 720 , 1007 , 740 , 911 , 738
895 , 1312 , 1007 , 1312 , 1007 , 1330 , 895 , 1330
895 , 300 , 1007 , 301 , 1007 , 321 , 895 , 320
239 , 1119 , 495 , 1119 , 495 , 1139 , 239 , 1140
559 , 472 , 639 , 471 , 639 , 495 , 559 , 496
257 , 175 , 399 , 151 , 413 , 236 , 271 , 259
334 , 270 , 415 , 267 , 416 , 288 , 335 , 292
719 , 624 , 831 , 624 , 831 , 642 , 719 , 642
159 , 1462 , 303 , 1462 , 303 , 1487 , 159 , 1487
959 , 448 , 992 , 449 , 991 , 467 , 958 , 466
207 , 803 , 415 , 808 , 415 , 827 , 207 , 822
223 , 975 , 543 , 980 , 543 , 1000 , 223 , 996
926 , 1461 , 1039 , 1457 , 1040 , 1508 , 927 , 1511
175 , 1094 , 367 , 1093 , 367 , 1115 , 175 , 1115
719 , 749 , 831 , 749 , 831 , 768 , 719 , 768
207 , 918 , 511 , 917 , 511 , 940 , 207 , 940
703 , 328 , 831 , 328 , 831 , 349 , 703 , 348
927 , 477 , 1007 , 477 , 1007 , 496 , 927 , 497
223 , 1206 , 447 , 1207 , 447 , 1228 , 223 , 1226
559 , 687 , 639 , 687 , 639 , 707 , 559 , 707
223 , 863 , 527 , 864 , 527 , 883 , 223 , 882
718 , 478 , 831 , 475 , 832 , 494 , 719 , 497
559 , 382 , 639 , 383 , 639 , 403 , 559 , 402
223 , 1237 , 399 , 1236 , 399 , 1255 , 223 , 1257
559 , 617 , 639 , 617 , 639 , 640 , 559 , 641
559 , 294 , 640 , 298 , 639 , 320 , 558 , 316
239 , 445 , 303 , 445 , 303 , 465 , 239 , 464
559 , 719 , 639 , 719 , 639 , 738 , 559 , 738
735 , 591 , 815 , 591 , 815 , 611 , 735 , 611
559 , 159 , 640 , 160 , 639 , 187 , 558 , 185
223 , 589 , 479 , 591 , 479 , 610 , 223 , 608
767 , 392 , 815 , 392 , 815 , 410 , 767 , 410
911 , 385 , 959 , 385 , 959 , 404 , 911 , 404
223 , 528 , 447 , 529 , 447 , 548 , 223 , 548
559 , 589 , 640 , 592 , 639 , 612 , 558 , 609
223 , 381 , 303 , 381 , 303 , 403 , 223 , 404
703 , 301 , 831 , 301 , 831 , 320 , 703 , 320
239 , 1062 , 543 , 1062 , 543 , 1085 , 239 , 1085
175 , 1007 , 367 , 1008 , 367 , 1027 , 175 , 1027
207 , 1037 , 495 , 1037 , 495 , 1057 , 207 , 1056
719 , 384 , 767 , 385 , 767 , 404 , 719 , 402
719 , 776 , 831 , 777 , 831 , 797 , 719 , 796
895 , 808 , 1007 , 807 , 1007 , 826 , 895 , 827
559 , 325 , 639 , 325 , 639 , 345 , 559 , 345
223 , 501 , 415 , 500 , 415 , 521 , 223 , 522
175 , 745 , 447 , 750 , 447 , 769 , 175 , 764
223 , 557 , 511 , 556 , 511 , 579 , 223 , 580
959 , 390 , 1007 , 391 , 1007 , 411 , 959 , 410
879 , 327 , 1007 , 328 , 1007 , 349 , 879 , 348
575 , 354 , 641 , 360 , 639 , 379 , 573 , 373
927 , 1506 , 1039 , 1505 , 1039 , 1556 , 927 , 1556
719 , 718 , 831 , 721 , 831 , 740 , 719 , 737
783 , 446 , 817 , 449 , 815 , 467 , 781 , 463
879 , 269 , 960 , 271 , 959 , 291 , 878 , 289
223 , 805 , 415 , 807 , 415 , 826 , 223 , 824
959 , 750 , 1008 , 752 , 1007 , 769 , 958 , 768
232 , 181 , 271 , 176 , 278 , 225 , 239 , 230
174 , 1337 , 271 , 1334 , 272 , 1355 , 175 , 1358
207 , 1364 , 399 , 1366 , 399 , 1387 , 207 , 1385
271 , 977 , 543 , 979 , 543 , 1000 , 271 , 998
159 , 1300 , 303 , 1300 , 303 , 1320 , 159 , 1320
621 , 1662 , 655 , 1660 , 657 , 1689 , 623 , 1691
223 , 1150 , 543 , 1149 , 543 , 1171 , 223 , 1171
223 , 949 , 543 , 948 , 543 , 969 , 223 , 970
223 , 619 , 303 , 619 , 303 , 639 , 223 , 640
223 , 325 , 303 , 325 , 303 , 349 , 223 , 349
223 , 471 , 335 , 471 , 335 , 491 , 223 , 491
399 , 222 , 783 , 222 , 783 , 250 , 399 , 250
191 , 653 , 399 , 654 , 399 , 674 , 191 , 673
719 , 1463 , 863 , 1463 , 863 , 1489 , 719 , 1489
175 , 891 , 367 , 893 , 367 , 912 , 175 , 910
895 , 776 , 1007 , 779 , 1007 , 798 , 895 , 796
559 , 443 , 640 , 446 , 639 , 465 , 558 , 462
559 , 413 , 640 , 417 , 639 , 437 , 558 , 433
191 , 775 , 319 , 773 , 319 , 794 , 191 , 795
191 , 684 , 319 , 684 , 319 , 707 , 191 , 707
223 , 350 , 304 , 351 , 303 , 380 , 222 , 378
301 , 353 , 335 , 349 , 337 , 369 , 303 , 373
207 , 714 , 320 , 717 , 319 , 737 , 206 , 734
239 , 1391 , 399 , 1392 , 399 , 1412 , 239 , 1411
623 , 1496 , 736 , 1499 , 735 , 1550 , 622 , 1547
207 , 829 , 527 , 831 , 527 , 852 , 207 , 850
719 , 688 , 815 , 688 , 815 , 706 , 719 , 706
943 , 360 , 1007 , 358 , 1007 , 376 , 943 , 378
223 , 1263 , 287 , 1264 , 287 , 1283 , 223 , 1282
431 , 1463 , 607 , 1462 , 607 , 1486 , 431 , 1486
719 , 416 , 831 , 416 , 831 , 435 , 719 , 435
463 , 501 , 511 , 501 , 511 , 519 , 463 , 520
175 , 1431 , 511 , 1431 , 511 , 1455 , 175 , 1455
575 , 527 , 623 , 528 , 623 , 547 , 575 , 546
527 , 1558 , 639 , 1558 , 639 , 1581 , 527 , 1581
911 , 416 , 1007 , 414 , 1007 , 434 , 911 , 435
895 , 688 , 1007 , 688 , 1007 , 707 , 895 , 707
719 , 807 , 831 , 806 , 831 , 824 , 719 , 825
559 , 775 , 639 , 774 , 639 , 794 , 559 , 796
463 , 124 , 719 , 122 , 719 , 155 , 463 , 157
543 , 188 , 640 , 194 , 639 , 218 , 542 , 212
623 , 1451 , 719 , 1451 , 719 , 1503 , 623 , 1503
767 , 661 , 815 , 661 , 815 , 679 , 767 , 679
703 , 270 , 783 , 269 , 783 , 288 , 703 , 290
575 , 269 , 623 , 269 , 623 , 289 , 575 , 289
719 , 1310 , 815 , 1312 , 815 , 1331 , 719 , 1329
239 , 416 , 303 , 417 , 303 , 435 , 239 , 435
911 , 719 , 1007 , 720 , 1007 , 740 , 911 , 738
895 , 1312 , 1007 , 1312 , 1007 , 1330 , 895 , 1330
895 , 300 , 1007 , 301 , 1007 , 321 , 895 , 320
239 , 1119 , 495 , 1119 , 495 , 1139 , 239 , 1140
559 , 472 , 639 , 471 , 639 , 495 , 559 , 496
257 , 175 , 399 , 151 , 413 , 236 , 271 , 259
334 , 270 , 415 , 267 , 416 , 288 , 335 , 292
719 , 624 , 831 , 624 , 831 , 642 , 719 , 642
159 , 1462 , 303 , 1462 , 303 , 1487 , 159 , 1487
959 , 448 , 992 , 449 , 991 , 467 , 958 , 466
207 , 803 , 415 , 808 , 415 , 827 , 207 , 822
223 , 975 , 543 , 980 , 543 , 1000 , 223 , 996
926 , 1461 , 1039 , 1457 , 1040 , 1508 , 927 , 1511
175 , 1094 , 367 , 1093 , 367 , 1115 , 175 , 1115
719 , 749 , 831 , 749 , 831 , 768 , 719 , 768
207 , 918 , 511 , 917 , 511 , 940 , 207 , 940
703 , 328 , 831 , 328 , 831 , 349 , 703 , 348
927 , 477 , 1007 , 477 , 1007 , 496 , 927 , 497
223 , 1206 , 447 , 1207 , 447 , 1228 , 223 , 1226
559 , 687 , 639 , 687 , 639 , 707 , 559 , 707
223 , 863 , 527 , 864 , 527 , 883 , 223 , 882
718 , 478 , 831 , 475 , 832 , 494 , 719 , 497
559 , 382 , 639 , 383 , 639 , 403 , 559 , 402
223 , 1237 , 399 , 1236 , 399 , 1255 , 223 , 1257
559 , 617 , 639 , 617 , 639 , 640 , 559 , 641
559 , 294 , 640 , 298 , 639 , 320 , 558 , 316
239 , 445 , 303 , 445 , 303 , 465 , 239 , 464
559 , 719 , 639 , 719 , 639 , 738 , 559 , 738
735 , 591 , 815 , 591 , 815 , 611 , 735 , 611
559 , 159 , 640 , 160 , 639 , 187 , 558 , 185
223 , 589 , 479 , 591 , 479 , 610 , 223 , 608
767 , 392 , 815 , 392 , 815 , 410 , 767 , 410
911 , 385 , 959 , 385 , 959 , 404 , 911 , 404
223 , 528 , 447 , 529 , 447 , 548 , 223 , 548
559 , 589 , 640 , 592 , 639 , 612 , 558 , 609
223 , 381 , 303 , 381 , 303 , 403 , 223 , 404
703 , 301 , 831 , 301 , 831 , 320 , 703 , 320
239 , 1062 , 543 , 1062 , 543 , 1085 , 239 , 1085
175 , 1007 , 367 , 1008 , 367 , 1027 , 175 , 1027
207 , 1037 , 495 , 1037 , 495 , 1057 , 207 , 1056
719 , 384 , 767 , 385 , 767 , 404 , 719 , 402
719 , 776 , 831 , 777 , 831 , 797 , 719 , 796
895 , 808 , 1007 , 807 , 1007 , 826 , 895 , 827
559 , 325 , 639 , 325 , 639 , 345 , 559 , 345
223 , 501 , 415 , 500 , 415 , 521 , 223 , 522
175 , 745 , 447 , 750 , 447 , 769 , 175 , 764
223 , 557 , 511 , 556 , 511 , 579 , 223 , 580
959 , 390 , 1007 , 391 , 1007 , 411 , 959 , 410
879 , 327 , 1007 , 328 , 1007 , 349 , 879 , 348
575 , 354 , 641 , 360 , 639 , 379 , 573 , 373
927 , 1506 , 1039 , 1505 , 1039 , 1556 , 927 , 1556
719 , 718 , 831 , 721 , 831 , 740 , 719 , 737
783 , 446 , 817 , 449 , 815 , 467 , 781 , 463
879 , 269 , 960 , 271 , 959 , 291 , 878 , 289
223 , 805 , 415 , 807 , 415 , 826 , 223 , 824
959 , 750 , 1008 , 752 , 1007 , 769 , 958 , 768
232 , 181 , 271 , 176 , 278 , 225 , 239 , 230
174 , 1337 , 271 , 1334 , 272 , 1355 , 175 , 1358
207 , 1364 , 399 , 1366 , 399 , 1387 , 207 , 1385
271 , 977 , 543 , 979 , 543 , 1000 , 271 , 998
159 , 1300 , 303 , 1300 , 303 , 1320 , 159 , 1320
621 , 1662 , 655 , 1660 , 657 , 1689 , 623 , 1691
223 , 1150 , 543 , 1149 , 543 , 1171 , 223 , 1171
223 , 949 , 543 , 948 , 543 , 969 , 223 , 970
223 , 619 , 303 , 619 , 303 , 639 , 223 , 640
223 , 325 , 303 , 325 , 303 , 349 , 223 , 349
223 , 471 , 335 , 471 , 335 , 491 , 223 , 491
399 , 222 , 783 , 222 , 783 , 250 , 399 , 250
191 , 653 , 399 , 654 , 399 , 674 , 191 , 673
719 , 1463 , 863 , 1463 , 863 , 1489 , 719 , 1489
175 , 891 , 367 , 893 , 367 , 912 , 175 , 910
895 , 776 , 1007 , 779 , 1007 , 798 , 895 , 796
559 , 443 , 640 , 446 , 639 , 465 , 558 , 462
559 , 413 , 640 , 417 , 639 , 437 , 558 , 433
191 , 775 , 319 , 773 , 319 , 794 , 191 , 795
191 , 684 , 319 , 684 , 319 , 707 , 191 , 707
223 , 350 , 304 , 351 , 303 , 380 , 222 , 378
301 , 353 , 335 , 349 , 337 , 369 , 303 , 373
207 , 714 , 320 , 717 , 319 , 737 , 206 , 734
239 , 1391 , 399 , 1392 , 399 , 1412 , 239 , 1411
623 , 1496 , 736 , 1499 , 735 , 1550 , 622 , 1547
207 , 829 , 527 , 831 , 527 , 852 , 207 , 850
719 , 688 , 815 , 688 , 815 , 706 , 719 , 706
943 , 360 , 1007 , 358 , 1007 , 376 , 943 , 378
223 , 1263 , 287 , 1264 , 287 , 1283 , 223 , 1282
431 , 1463 , 607 , 1462 , 607 , 1486 , 431 , 1486
719 , 416 , 831 , 416 , 831 , 435 , 719 , 435
463 , 501 , 511 , 501 , 511 , 519 , 463 , 520
175 , 1431 , 511 , 1431 , 511 , 1455 , 175 , 1455
575 , 527 , 623 , 528 , 623 , 547 , 575 , 546
527 , 1558 , 639 , 1558 , 639 , 1581 , 527 , 1581
911 , 416 , 1007 , 414 , 1007 , 434 , 911 , 435
895 , 688 , 1007 , 688 , 1007 , 707 , 895 , 707
719 , 807 , 831 , 806 , 831 , 824 , 719 , 825
559 , 775 , 639 , 774 , 639 , 794 , 559 , 796
463 , 124 , 719 , 122 , 719 , 155 , 463 , 157
543 , 188 , 640 , 194 , 639 , 218 , 542 , 212
623 , 1451 , 719 , 1451 , 719 , 1503 , 623 , 1503
767 , 661 , 815 , 661 , 815 , 679 , 767 , 679
703 , 270 , 783 , 269 , 783 , 288 , 703 , 290
575 , 269 , 623 , 269 , 623 , 289 , 575 , 289
719 , 1310 , 815 , 1312 , 815 , 1331 , 719 , 1329
239 , 416 , 303 , 417 , 303 , 435 , 239 , 435
911 , 719 , 1007 , 720 , 1007 , 740 , 911 , 738
895 , 1312 , 1007 , 1312 , 1007 , 1330 , 895 , 1330
895 , 300 , 1007 , 301 , 1007 , 321 , 895 , 320
239 , 1119 , 495 , 1119 , 495 , 1139 , 239 , 1140
559 , 472 , 639 , 471 , 639 , 495 , 559 , 496
257 , 175 , 399 , 151 , 413 , 236 , 271 , 259
334 , 270 , 415 , 267 , 416 , 288 , 335 , 292
719 , 624 , 831 , 624 , 831 , 642 , 719 , 642
159 , 1462 , 303 , 1462 , 303 , 1487 , 159 , 1487
959 , 448 , 992 , 449 , 991 , 467 , 958 , 466
207 , 803 , 415 , 808 , 415 , 827 , 207 , 822
223 , 975 , 543 , 980 , 543 , 1000 , 223 , 996
926 , 1461 , 1039 , 1457 , 1040 , 1508 , 927 , 1511
175 , 1094 , 367 , 1093 , 367 , 1115 , 175 , 1115
719 , 749 , 831 , 749 , 831 , 768 , 719 , 768
207 , 918 , 511 , 917 , 511 , 940 , 207 , 940
703 , 328 , 831 , 328 , 831 , 349 , 703 , 348
927 , 477 , 1007 , 477 , 1007 , 496 , 927 , 497
223 , 1206 , 447 , 1207 , 447 , 1228 , 223 , 1226
559 , 687 , 639 , 687 , 639 , 707 , 559 , 707
223 , 863 , 527 , 864 , 527 , 883 , 223 , 882
718 , 478 , 831 , 475 , 832 , 494 , 719 , 497
559 , 382 , 639 , 383 , 639 , 403 , 559 , 402
223 , 1237 , 399 , 1236 , 399 , 1255 , 223 , 1257
559 , 617 , 639 , 617 , 639 , 640 , 559 , 641
559 , 294 , 640 , 298 , 639 , 320 , 558 , 316
239 , 445 , 303 , 445 , 303 , 465 , 239 , 464
559 , 719 , 639 , 719 , 639 , 738 , 559 , 738
735 , 591 , 815 , 591 , 815 , 611 , 735 , 611
559 , 159 , 640 , 160 , 639 , 187 , 558 , 185
223 , 589 , 479 , 591 , 479 , 610 , 223 , 608
767 , 392 , 815 , 392 , 815 , 410 , 767 , 410
911 , 385 , 959 , 385 , 959 , 404 , 911 , 404
223 , 528 , 447 , 529 , 447 , 548 , 223 , 548
559 , 589 , 640 , 592 , 639 , 612 , 558 , 609
223 , 381 , 303 , 381 , 303 , 403 , 223 , 404
703 , 301 , 831 , 301 , 831 , 320 , 703 , 320
239 , 1062 , 543 , 1062 , 543 , 1085 , 239 , 1085
175 , 1007 , 367 , 1008 , 367 , 1027 , 175 , 1027
207 , 1037 , 495 , 1037 , 495 , 1057 , 207 , 1056
719 , 384 , 767 , 385 , 767 , 404 , 719 , 402
719 , 776 , 831 , 777 , 831 , 797 , 719 , 796
895 , 808 , 1007 , 807 , 1007 , 826 , 895 , 827
559 , 325 , 639 , 325 , 639 , 345 , 559 , 345
223 , 501 , 415 , 500 , 415 , 521 , 223 , 522
175 , 745 , 447 , 750 , 447 , 769 , 175 , 764
223 , 557 , 511 , 556 , 511 , 579 , 223 , 580
959 , 390 , 1007 , 391 , 1007 , 411 , 959 , 410
879 , 327 , 1007 , 328 , 1007 , 349 , 879 , 348
575 , 354 , 641 , 360 , 639 , 379 , 573 , 373
927 , 1506 , 1039 , 1505 , 1039 , 1556 , 927 , 1556
719 , 718 , 831 , 721 , 831 , 740 , 719 , 737
783 , 446 , 817 , 449 , 815 , 467 , 781 , 463
879 , 269 , 960 , 271 , 959 , 291 , 878 , 289
223 , 805 , 415 , 807 , 415 , 826 , 223 , 824
959 , 750 , 1008 , 752 , 1007 , 769 , 958 , 768
232 , 181 , 271 , 176 , 278 , 225 , 239 , 230
174 , 1337 , 271 , 1334 , 272 , 1355 , 175 , 1358
207 , 1364 , 399 , 1366 , 399 , 1387 , 207 , 1385
271 , 977 , 543 , 979 , 543 , 1000 , 271 , 998
159 , 1300 , 303 , 1300 , 303 , 1320 , 159 , 1320
621 , 1662 , 655 , 1660 , 657 , 1689 , 623 , 1691
223 , 1150 , 543 , 1149 , 543 , 1171 , 223 , 1171
223 , 949 , 543 , 948 , 543 , 969 , 223 , 970
223 , 619 , 303 , 619 , 303 , 639 , 223 , 640
223 , 325 , 303 , 325 , 303 , 349 , 223 , 349
223 , 471 , 335 , 471 , 335 , 491 , 223 , 491
399 , 222 , 783 , 222 , 783 , 250 , 399 , 250
191 , 653 , 399 , 654 , 399 , 674 , 191 , 673
719 , 1463 , 863 , 1463 , 863 , 1489 , 719 , 1489
175 , 891 , 367 , 893 , 367 , 912 , 175 , 910
895 , 776 , 1007 , 779 , 1007 , 798 , 895 , 796
559 , 443 , 640 , 446 , 639 , 465 , 558 , 462
559 , 413 , 640 , 417 , 639 , 437 , 558 , 433
191 , 775 , 319 , 773 , 319 , 794 , 191 , 795
191 , 684 , 319 , 684 , 319 , 707 , 191 , 707
223 , 350 , 304 , 351 , 303 , 380 , 222 , 378
301 , 353 , 335 , 349 , 337 , 369 , 303 , 373
207 , 714 , 320 , 717 , 319 , 737 , 206 , 734
